signals,hits,opportunities,positive_opportunities,precision,base_rate,lift,opportunity_recall,bootstrap_one_sided_p,bootstrap_valid_replicates,block_hours,evaluated_blocks,days_with_signals,median_time_to_spike_min_upper_bound,sample_status,symbol,variant,partition,atr_multiplier,horizon_minutes,wilson_precision_ci95_low,wilson_precision_ci95_high,block_precision_ci95_low,block_precision_ci95_high,block_base_rate_ci95_low,block_base_rate_ci95_high,block_lift_ci95_low,block_lift_ci95_high,block_difference_ci95_low,block_difference_ci95_high,holm_adjusted_p,research_gate_pass
503,80,36036,4830,0.15904572564612326,0.13403263403263405,1.1866194139510762,0.016563146997929608,0.0447,9999,24,127,124,2.0,ADEQUATE_FOR_RESEARCH_GATE,BOOM500,CRT,development,1.5,5,0.1296862073131828,0.19357357337231257,0.12972859889177882,0.1880059405940593,0.1314951547878059,0.13653025597549434,0.9690486442339246,1.4014390086308506,-0.004188764389193876,0.05383607936525408,,
232,30,36036,4830,0.12931034482758622,0.13403263403263405,0.964767616191904,0.006211180124223602,1.0,9999,24,127,104,2.0,ADEQUATE_FOR_RESEARCH_GATE,BOOM500,CRT_MSS,development,1.5,5,0.09210078121181584,0.1785957245676519,0.09004739336492891,0.1730810855810855,0.1314951547878059,0.13653025597549434,0.6725955100646414,1.289429808697749,-0.043698308034143006,0.038758620624875645,,
345,56,36036,4830,0.16231884057971013,0.13403263403263405,1.2110396975425328,0.011594202898550725,0.0655,9999,24,127,117,2.0,ADEQUATE_FOR_RESEARCH_GATE,BOOM500,CRT_DISPLACEMENT,development,1.5,5,0.1271638677999837,0.20491093549980718,0.12640295098160267,0.2006573148625498,0.1314951547878059,0.13653025597549434,0.9456389555474083,1.4952075078535612,-0.00726671743844928,0.06653440141389479,,
215,28,36036,4830,0.13023255813953488,0.13403263403263405,0.9716481294236602,0.005797101449275362,1.0,9999,24,127,104,2.0,INSUFFICIENT_FOR_GATE,BOOM500,CRT_MSS_DISPLACEMENT,development,1.5,5,0.09166264648536014,0.18178398078157237,0.0892018779342723,0.17511520737327188,0.1314951547878059,0.13653025597549434,0.6680680483067846,1.2998712092873903,-0.04460613570202492,0.040273920600803655,,
92,9,36036,4830,0.09782608695652174,0.13403263403263405,0.729867674858223,0.0018633540372670807,1.0,9999,24,127,68,2.0,INSUFFICIENT_FOR_GATE,BOOM500,CRT_MSS_DISPLACEMENT_FVG,development,1.5,5,0.052323757089611615,0.1755677951618667,0.0425531914893617,0.15853658536585366,0.1314951547878059,0.13653025597549434,0.31675750764855676,1.1889871477967904,-0.09187190765068001,0.02515945129554085,,
3021,421,36036,4830,0.13935782853359815,0.13403263403263405,1.0397305815811062,0.08716356107660456,0.183,9999,24,127,127,3.0,ADEQUATE_FOR_RESEARCH_GATE,BOOM500,ATR_COMPRESSION,development,1.5,5,0.12746567219914792,0.15216599456280708,0.12748614281056406,0.15130503572423354,0.1314951547878059,0.13653025597549434,0.9518073033795067,1.125943476715583,-0.006497121824324125,0.016894346741801604,,
2657,403,36036,4830,0.1516748212269477,0.13403263403263405,1.1316260575019228,0.08343685300207039,0.0035,9999,24,127,127,2.0,ADEQUATE_FOR_RESEARCH_GATE,BOOM500,BB_SQUEEZE,development,1.5,5,0.13853903143784924,0.16581636566259367,0.1387447510020657,0.1650561197956078,0.1314951547878059,0.13653025597549434,1.0406320529322495,1.2252535466493173,0.005440042235226712,0.030367827781224526,,
1,0,36036,4830,0.0,0.13403263403263405,0.0,0.0,1.0,6340,24,127,1,,INSUFFICIENT_FOR_GATE,BOOM500,CANDLE_COMPRESSION,development,1.5,5,0.0,0.7934506856227626,0.0,0.0,0.1314951547878059,0.13653025597549434,0.0,0.0,-0.13646586889828627,-0.131479062425777,,
1089,146,36036,4830,0.13406795224977044,0.13403263403263405,1.0002635046113306,0.030227743271221533,0.4948,9999,24,127,127,2.0,ADEQUATE_FOR_RESEARCH_GATE,BOOM500,CANDLE_STRUCTURE,development,1.5,5,0.11511228520302938,0.15559620268682636,0.1145733378050349,0.15363385464581417,0.1314951547878059,0.13653025597549434,0.8560641024005664,1.1438352116225634,-0.019365112334441863,0.019330633993888888,,
1579,257,36036,4830,0.16276124129195693,0.13403263403263405,1.2143403915521656,0.05320910973084886,0.0007,9999,24,127,126,3.0,ADEQUATE_FOR_RESEARCH_GATE,BOOM500,SR_ALIGNMENT,development,1.5,5,0.1453756108591192,0.18178378715571109,0.1454426334701263,0.18046074700674844,0.1314951547878059,0.13653025597549434,1.0862096551483544,1.3431734683072696,0.01155320774296044,0.0460289269948544,,
1268,165,36036,4830,0.13012618296529968,0.13403263403263405,0.9708544781237141,0.034161490683229816,1.0,9999,24,127,126,2.0,ADEQUATE_FOR_RESEARCH_GATE,BOOM500,ATR_BB_COMPRESSION,development,1.5,5,0.11271940837269925,0.14976728484317234,0.11092716027142258,0.1495253164556962,0.1314951547878059,0.13653025597549434,0.8304760627033678,1.1098792143703158,-0.022601980256973034,0.014739194877100134,,
102,18,36036,4830,0.17647058823529413,0.13403263403263405,1.3166240409207162,0.0037267080745341614,0.1483,9999,24,127,74,2.0,INSUFFICIENT_FOR_GATE,BOOM500,CRT_ATR,development,1.5,5,0.11464315184549347,0.261782676602218,0.10185185185185185,0.25954565472695235,0.1314951547878059,0.13653025597549434,0.7611126658374681,1.9343087367615113,-0.03202034102395276,0.12515477696597638,,
252,35,36036,4830,0.1388888888888889,0.13403263403263405,1.036231884057971,0.007246376811594203,0.4117,9999,24,127,111,2.0,ADEQUATE_FOR_RESEARCH_GATE,BOOM500,CRT_BB,development,1.5,5,0.10158891465134795,0.18703302786362863,0.09821266233766233,0.18181818181818182,0.1314951547878059,0.13653025597549434,0.7310715239187936,1.3562380842763262,-0.036106625315899754,0.04770455659297853,,
0,0,36036,4830,,0.13403263403263405,,0.0,1.0,0,24,127,0,,INSUFFICIENT_FOR_GATE,BOOM500,CRT_CANDLE_COMPRESSION,development,1.5,5,,,,,0.1314951547878059,0.13653025597549434,,,,,,
57,9,36036,4830,0.15789473684210525,0.13403263403263405,1.1780320366132722,0.0018633540372670807,0.2875,9999,24,127,45,2.0,INSUFFICIENT_FOR_GATE,BOOM500,CRT_CANDLE_STRUCTURE,development,1.5,5,0.0853579597035527,0.2736317694063802,0.07142857142857142,0.25,0.1314951547878059,0.13653025597549434,0.5378453914601726,1.852006966350953,-0.06147126486468009,0.1146109509883339,,
42,3,36036,4830,0.07142857142857142,0.13403263403263405,0.532919254658385,0.0006211180124223603,1.0,9999,24,127,36,3.0,INSUFFICIENT_FOR_GATE,BOOM500,CRT_SR,development,1.5,5,0.02459040987330592,0.19009426801158313,0.0,0.16216216216216217,0.1314951547878059,0.13653025597549434,0.0,1.207270534158492,-0.13350886971788856,0.027777580679470403,,
503,137,36036,8174,0.27236580516898606,0.22682872682872682,1.2007553407229732,0.016760459995106437,0.007,9999,24,127,124,4.0,ADEQUATE_FOR_RESEARCH_GATE,BOOM500,CRT,development,1.5,10,0.23529618227262217,0.31288600366609043,0.23639774859287055,0.30843005969183057,0.2229057305336833,0.2307758178860433,1.0416209743920106,1.359895077072636,0.009522377991578714,0.08154612313406144,,
232,55,36036,8174,0.23706896551724138,0.22682872682872682,1.045145246070383,0.0067286518228529485,0.3542,9999,24,127,104,5.0,ADEQUATE_FOR_RESEARCH_GATE,BOOM500,CRT_MSS,development,1.5,10,0.1869056969053649,0.2957976385893738,0.18565400843881857,0.2907488986784141,0.2229057305336833,0.2307758178860433,0.8187993085225521,1.2822005000238654,-0.0413110698926738,0.06388927313990984,,
345,94,36036,8174,0.27246376811594203,0.22682872682872682,1.2011872214125383,0.011499877660875948,0.0199,9999,24,127,117,4.0,ADEQUATE_FOR_RESEARCH_GATE,BOOM500,CRT_DISPLACEMENT,development,1.5,10,0.22818088022456948,0.3217579357328003,0.23013698630136986,0.3159514198357347,0.2229057305336833,0.2307758178860433,1.015636971338356,1.3933845765093482,0.003574475916193884,0.08903939622537624,,
215,48,36036,8174,0.22325581395348837,0.22682872682872682,0.9842484110139353,0.005872277954489846,1.0,9999,24,127,104,4.0,ADEQUATE_FOR_RESEARCH_GATE,BOOM500,CRT_MSS_DISPLACEMENT,development,1.5,10,0.1727275947035395,0.28349975526353577,0.1715686274509804,0.27826292042657913,0.2229057305336833,0.2307758178860433,0.756719107901718,1.226043992441445,-0.055091196380892646,0.05127708047330785,,
92,19,36036,8174,0.20652173913043478,0.22682872682872682,0.9104743566557804,0.002324443356985564,1.0,9999,24,127,68,6.0,INSUFFICIENT_FOR_GATE,BOOM500,CRT_MSS_DISPLACEMENT_FVG,development,1.5,10,0.13639137196639645,0.30017813913603364,0.13186813186813187,0.2873635057471263,0.2229057305336833,0.2307758178860433,0.5815833022210902,1.268778205359319,-0.09488542818113312,0.06104430048978424,,
3021,713,36036,8174,0.23601456471367097,0.22682872682872682,1.0404968013239353,0.08722779544898458,0.0861,9999,24,127,127,5.0,ADEQUATE_FOR_RESEARCH_GATE,BOOM500,ATR_COMPRESSION,development,1.5,10,0.22121367334722092,0.25148596340602286,0.22251559506327795,0.24958897800125163,0.2229057305336833,0.2307758178860433,0.9810752143892975,1.0992856750643254,-0.00430557332877229,0.022534874147437704,,
2657,665,36036,8174,0.2502822732404968,0.22682872682872682,1.1033976019689922,0.08135551749449474,0.0005,9999,24,127,127,4.0,ADEQUATE_FOR_RESEARCH_GATE,BOOM500,BB_SQUEEZE,development,1.5,10,0.23417987779077779,0.26710570403109557,0.23639061994175767,0.2639097744360902,0.2229057305336833,0.2307758178860433,1.04453147608395,1.1618983247791648,0.010089866483527579,0.03670566737492799,,
1,0,36036,8174,0.0,0.22682872682872682,0.0,0.0,1.0,6340,24,127,1,,INSUFFICIENT_FOR_GATE,BOOM500,CANDLE_COMPRESSION,development,1.5,10,0.0,0.7934506856227626,0.0,0.0,0.2229057305336833,0.2307758178860433,0.0,0.0,-0.23079919420303396,-0.2229913687878015,,
1089,265,36036,8174,0.2433425160697888,0.22682872682872682,1.072802900549414,0.032419867873746025,0.0716,9999,24,127,127,5.0,ADEQUATE_FOR_RESEARCH_GATE,BOOM500,CANDLE_STRUCTURE,development,1.5,10,0.21878805576359142,0.26970133536618185,0.22016651248843663,0.26606550312432664,0.2229057305336833,0.2307758178860433,0.9721683023987706,1.1725852780212649,-0.0063743660526324976,0.03907299628813978,,
1579,405,36036,8174,0.2564914502849905,0.22682872682872682,1.1307714585845263,0.049547345241008074,0.0021,9999,24,127,126,4.0,ADEQUATE_FOR_RESEARCH_GATE,BOOM500,SR_ALIGNMENT,development,1.5,10,0.23556092673472478,0.2786039343670634,0.23563931154527176,0.27728983688833125,0.2229057305336833,0.2307758178860433,1.0412691101247862,1.2191832130408393,0.009397050905108376,0.049762320176643685,,
1268,288,36036,8174,0.22712933753943218,0.22682872682872682,1.001325276189256,0.035233667726939075,0.487,9999,24,127,126,5.0,ADEQUATE_FOR_RESEARCH_GATE,BOOM500,ATR_BB_COMPRESSION,development,1.5,10,0.20491260259365685,0.2509944248108028,0.2060459259286647,0.24881908305417866,0.2229057305336833,0.2307758178860433,0.9111633828259509,1.0923616125620443,-0.02011832042324087,0.02098326050216713,,
102,31,36036,8174,0.30392156862745096,0.22682872682872682,1.3398724794542236,0.0037925128456080255,0.0669,9999,24,127,74,5.0,INSUFFICIENT_FOR_GATE,BOOM500,CRT_ATR,development,1.5,10,0.22312421271980248,0.3989520469454771,0.20754716981132076,0.4047717434081069,0.2229057305336833,0.2307758178860433,0.9168675577595937,1.7815170768690016,-0.018884999674756604,0.1775721482483146,,
252,62,36036,8174,0.24603174603174602,0.22682872682872682,1.0846586738438952,0.007585025691216051,0.2414,9999,24,127,111,4.5,ADEQUATE_FOR_RESEARCH_GATE,BOOM500,CRT_BB,development,1.5,10,0.19693170228804002,0.30275845508513033,0.1927655576434177,0.2996261442150381,0.2229057305336833,0.2307758178860433,0.8492165774330636,1.3222417661790444,-0.03416378367155471,0.07296669122643741,,
0,0,36036,8174,,0.22682872682872682,,0.0,1.0,0,24,127,0,,INSUFFICIENT_FOR_GATE,BOOM500,CRT_CANDLE_COMPRESSION,development,1.5,10,,,,,0.2229057305336833,0.2307758178860433,,,,,,
57,17,36036,8174,0.2982456140350877,0.22682872682872682,1.3148493940993908,0.0020797651088818206,0.1224,9999,24,127,45,5.0,INSUFFICIENT_FOR_GATE,BOOM500,CRT_CANDLE_STRUCTURE,development,1.5,10,0.19532550074818086,0.42664280103459995,0.1724137931034483,0.42424242424242425,0.2229057305336833,0.2307758178860433,0.7590361726603224,1.8704941241769533,-0.054866704798771954,0.19747215228116935,,
42,7,36036,8174,0.16666666666666666,0.22682872682872682,0.7347687790555419,0.0008563738683631026,1.0,9999,24,127,36,8.0,INSUFFICIENT_FOR_GATE,BOOM500,CRT_SR,development,1.5,10,0.08315916646398076,0.3060400274464885,0.061224489795918366,0.2889181286549703,0.2229057305336833,0.2307758178860433,0.27050561903761183,1.2716253147351364,-0.16537727442208966,0.06140438623875934,,
503,175,36036,10669,0.34791252485089463,0.2960650460650461,1.1751219182235297,0.0164026619177055,0.0077,9999,24,127,124,7.0,ADEQUATE_FOR_RESEARCH_GATE,BOOM500,CRT,development,1.5,15,0.30758246076159573,0.3905479953459284,0.30724070450097846,0.38911671752397553,0.29097089082156286,0.3011233841836421,1.0386134510596556,1.312903191272932,0.01141591555718123,0.09240301688369973,,
232,69,36036,10669,0.2974137931034483,0.2960650460650461,1.0045555767434495,0.006467335270409598,0.4888,9999,24,127,104,6.0,ADEQUATE_FOR_RESEARCH_GATE,BOOM500,CRT_MSS,development,1.5,15,0.24228007255995446,0.3591470875753361,0.23580786026200873,0.3603238866396761,0.29097089082156286,0.3011233841836421,0.7974649179726174,1.2163421384693314,-0.059757248065427385,0.06423987869535545,,
345,126,36036,10669,0.3652173913043478,0.2960650460650461,1.233571460590822,0.011809916580747962,0.0034,9999,24,127,117,6.0,ADEQUATE_FOR_RESEARCH_GATE,BOOM500,CRT_DISPLACEMENT,development,1.5,15,0.31615297236900786,0.41725027530000736,0.3177790216323309,0.414985590778098,0.29097089082156286,0.3011233841836421,1.0750304657756327,1.4007163147634678,0.02218844521870553,0.11871865086125191,,
215,62,36036,10669,0.28837209302325584,0.2960650460650461,0.9740160037666179,0.005811228793701378,1.0,9999,24,127,104,6.0,ADEQUATE_FOR_RESEARCH_GATE,BOOM500,CRT_MSS_DISPLACEMENT,development,1.5,15,0.2319534003896386,0.35222045546753655,0.22477064220183487,0.35353535353535354,0.29097089082156286,0.3011233841836421,0.761306376899809,1.1938214028632042,-0.07090413887863718,0.05753043860900489,,
92,24,36036,10669,0.2608695652173913,0.2960650460650461,0.881122471850587,0.0022495079201424687,1.0,9999,24,127,68,6.0,INSUFFICIENT_FOR_GATE,BOOM500,CRT_MSS_DISPLACEMENT_FVG,development,1.5,15,0.18202221087474602,0.35888627965316,0.1782178217821782,0.3505221582541169,0.29097089082156286,0.3011233841836421,0.600673722755615,1.1865202426667765,-0.118513703378414,0.055209955570102644,,
3021,925,36036,10669,0.3061900033101622,0.2960650460650461,1.03419842152826,0.08669978442215766,0.0668,9999,24,127,127,6.0,ADEQUATE_FOR_RESEARCH_GATE,BOOM500,ATR_COMPRESSION,development,1.5,15,0.2900090204773534,0.32286325202299043,0.2917789306974934,0.32067399245404526,0.29097089082156286,0.3011233841836421,0.9893822714186475,1.0788599459339736,-0.003130551784515298,0.023383147814095662,,
2657,837,36036,10669,0.3150169363944298,0.2960650460650461,1.0640125897375265,0.0784515887149686,0.0077,9999,24,127,127,6.0,ADEQUATE_FOR_RESEARCH_GATE,BOOM500,BB_SQUEEZE,development,1.5,15,0.2976319457713489,0.33293604739436433,0.29889790293910434,0.33093699667131965,0.29097089082156286,0.3011233841836421,1.0113129995402121,1.1164327535980758,0.003360270569371987,0.03445639198768972,,
1,0,36036,10669,0.0,0.2960650460650461,0.0,0.0,1.0,6340,24,127,1,,INSUFFICIENT_FOR_GATE,BOOM500,CANDLE_COMPRESSION,development,1.5,15,0.0,0.7934506856227626,0.0,0.0,0.29097089082156286,0.3011233841836421,0.0,0.0,-0.3010769149190917,-0.29093544799013105,,
1089,338,36036,10669,0.310376492194674,0.2960650460650461,1.0483388576930615,0.03168056987533977,0.1451,9999,24,127,127,6.0,ADEQUATE_FOR_RESEARCH_GATE,BOOM500,CANDLE_STRUCTURE,development,1.5,15,0.2836053124283129,0.33848076724359477,0.2821405967450271,0.3377085684138965,0.29097089082156286,0.3011233841836421,0.9567689465885374,1.137831383152435,-0.012793118969040037,0.04067755580386676,,
1579,526,36036,10669,0.3331222292590247,0.2960650460650461,1.1251656812801774,0.04930171524978911,0.0004,9999,24,127,126,6.0,ADEQUATE_FOR_RESEARCH_GATE,BOOM500,SR_ALIGNMENT,development,1.5,15,0.31030412218983616,0.3567503404898028,0.3106245494757536,0.35619938136781876,0.29097089082156286,0.3011233841836421,1.0513856120824683,1.1975367704139592,0.015256591276024472,0.05862343092273714,,
1268,384,36036,10669,0.3028391167192429,0.2960650460650461,1.022880345870713,0.0359921267222795,0.2721,9999,24,127,126,7.0,ADEQUATE_FOR_RESEARCH_GATE,BOOM500,ATR_BB_COMPRESSION,development,1.5,15,0.2781751157986142,0.32869412365547523,0.27945804896852544,0.3261904761904762,0.29097089082156286,0.3011233841836421,0.9484343617584957,1.0968048491463191,-0.015252808117579885,0.028727921063750016,,
102,37,36036,10669,0.3627450980392157,0.2960650460650461,1.225220953504656,0.003467991376886306,0.1053,9999,24,127,74,7.0,INSUFFICIENT_FOR_GATE,BOOM500,CRT_ATR,development,1.5,15,0.2759951054473271,0.45945827631836855,0.2621359223300971,0.46848254504504483,0.29097089082156286,0.3011233841836421,0.8903869995502809,1.5788270200225012,-0.03220954972666901,0.17207779566026754,,
252,80,36036,10669,0.31746031746031744,0.2960650460650461,1.0722654419345767,0.007498359733808229,0.2456,9999,24,127,111,6.5,ADEQUATE_FOR_RESEARCH_GATE,BOOM500,CRT_BB,development,1.5,15,0.263096415482564,0.3773058851294022,0.25659967186218213,0.37795755713462637,0.29097089082156286,0.3011233841836421,0.8659119307568521,1.2759895101870404,-0.039861890683255,0.0819196224023876,,
0,0,36036,10669,,0.2960650460650461,,0.0,1.0,0,24,127,0,,INSUFFICIENT_FOR_GATE,BOOM500,CRT_CANDLE_COMPRESSION,development,1.5,15,,,,,0.29097089082156286,0.3011233841836421,,,,,,
57,20,36036,10669,0.3508771929824561,0.2960650460650461,1.1851354884540057,0.0018745899334520573,0.194,9999,24,127,45,7.0,INSUFFICIENT_FOR_GATE,BOOM500,CRT_CANDLE_STRUCTURE,development,1.5,15,0.2400042200916009,0.480581046443498,0.21428571428571427,0.48,0.29097089082156286,0.3011233841836421,0.7264921696148721,1.6166401660311238,-0.08098764355125364,0.18345002824966938,,
42,9,36036,10669,0.21428571428571427,0.2960650460650461,0.7237791733058393,0.0008435654700534258,1.0,9999,24,127,36,8.0,INSUFFICIENT_FOR_GATE,BOOM500,CRT_SR,development,1.5,15,0.11705799876003031,0.35939845316322905,0.09523809523809523,0.3488372093023256,0.29097089082156286,0.3011233841836421,0.32123927545380626,1.174035039814022,-0.20059706195843166,0.05163886496103661,,
503,229,36036,15365,0.4552683896620278,0.4263791763791764,1.0677547471435622,0.014904002603319233,0.074,9999,24,127,124,8.0,ADEQUATE_FOR_RESEARCH_GATE,BOOM500,CRT,development,1.5,30,0.41225130689245826,0.4989635331391664,0.41487279843444225,0.49595304294099474,0.4185341257876817,0.43411895690907076,0.9744325875280129,1.1605256088691038,-0.010933855621176028,0.06880216027278274,,
232,101,36036,15365,0.4353448275862069,0.4263791763791764,1.0210274134003614,0.006573381060852587,0.3946,9999,24,127,104,8.0,ADEQUATE_FOR_RESEARCH_GATE,BOOM500,CRT_MSS,development,1.5,30,0.3731121176155523,0.49968378455528506,0.37313046168123115,0.5020251177394034,0.4185341257876817,0.43411895690907076,0.8753811819013926,1.1757021863314587,-0.053155186102915156,0.07437682623182189,,
345,163,36036,15365,0.47246376811594204,0.4263791763791764,1.1080835891849063,0.010608525870484869,0.0474,9999,24,127,117,8.0,ADEQUATE_FOR_RESEARCH_GATE,BOOM500,CRT_DISPLACEMENT,development,1.5,30,0.4203765977721449,0.5251573990634604,0.4190737682356179,0.5283047029005913,0.4185341257876817,0.43411895690907076,0.9853691584895081,1.2347217527319956,-0.006273198072327833,0.10040707596320146,,
215,88,36036,15365,0.40930232558139534,0.4263791763791764,0.959949144461514,0.0057273023104458184,1.0,9999,24,127,104,7.0,ADEQUATE_FOR_RESEARCH_GATE,BOOM500,CRT_MSS_DISPLACEMENT,development,1.5,30,0.34572890583348354,0.4760598895338772,0.3440366972477064,0.4778847399093459,0.4185341257876817,0.43411895690907076,0.8060841081117639,1.1210796432799564,-0.08299699880857511,0.05142271174332114,,
92,37,36036,15365,0.40217391304347827,0.4263791763791764,0.9432306625730416,0.0024080702896192648,1.0,9999,24,127,68,8.0,INSUFFICIENT_FOR_GATE,BOOM500,CRT_MSS_DISPLACEMENT_FVG,development,1.5,30,0.3078495879261849,0.5043402491079584,0.3020833333333333,0.5098137254901959,0.4185341257876817,0.43411895690907076,0.7074069719033957,1.1950237549826395,-0.1255195738037088,0.08353209891881716,,
3021,1312,36036,15365,0.43429328037073817,0.4263791763791764,1.018561187858114,0.08538887081028311,0.1108,9999,24,127,127,9.0,ADEQUATE_FOR_RESEARCH_GATE,BOOM500,ATR_COMPRESSION,development,1.5,30,0.41671273424289684,0.45204071766370985,0.4194597479146044,0.44906747547034587,0.4185341257876817,0.43411895690907076,0.9889642935813134,1.0477638270118868,-0.004717820120923457,0.020391081104419354,,
2657,1175,36036,15365,0.44222807677832143,0.4263791763791764,1.0371709062664232,0.07647250244061178,0.0168,9999,24,127,127,9.0,ADEQUATE_FOR_RESEARCH_GATE,BOOM500,BB_SQUEEZE,development,1.5,30,0.42344050823499035,0.4611824560598966,0.4264374082656923,0.4582896689988963,0.4185341257876817,0.43411895690907076,1.0025755711780249,1.071409459556969,0.001098804876493473,0.03044779150311434,,
1,0,36036,15365,0.0,0.4263791763791764,0.0,0.0,1.0,6340,24,127,1,,INSUFFICIENT_FOR_GATE,BOOM500,CANDLE_COMPRESSION,development,1.5,30,0.0,0.7934506856227626,0.0,0.0,0.4185341257876817,0.43411895690907076,0.0,0.0,-0.4340265143417039,-0.4184156555843153,,
1089,470,36036,15365,0.4315886134067952,0.4263791763791764,1.0122178504866433,0.03058900097624471,0.3507,9999,24,127,127,9.0,ADEQUATE_FOR_RESEARCH_GATE,BOOM500,CANDLE_STRUCTURE,development,1.5,30,0.40246270493482256,0.4611954690872458,0.4024973846128842,0.45975213836813383,0.4185341257876817,0.43411895690907076,0.9496918141537639,1.0733291444183661,-0.021364951956723954,0.03129973420566738,,
1579,731,36036,15365,0.4629512349588347,0.4263791763791764,1.0857735569786247,0.0475756589651806,0.0005,9999,24,127,126,9.0,ADEQUATE_FOR_RESEARCH_GATE,BOOM500,SR_ALIGNMENT,development,1.5,30,0.43847671520004705,0.487605584863554,0.439067727798304,0.48714809900095135,0.4185341257876817,0.43411895690907076,1.0334037470334947,1.1364247775289607,0.014184451092107597,0.05813229222952689,,
1268,539,36036,15365,0.4250788643533123,0.4263791763791764,0.996950338811322,0.03507972665148064,1.0,9999,24,127,126,10.0,ADEQUATE_FOR_RESEARCH_GATE,BOOM500,ATR_BB_COMPRESSION,development,1.5,30,0.3981354107025488,0.4524749002900053,0.40016556503795775,0.4504248339572084,0.4185341257876817,0.43411895690907076,0.9449126273542278,1.050237381241974,-0.023390067529734965,0.021476775563559244,,
102,49,36036,15365,0.4803921568627451,0.4263791763791764,1.1266782795122605,0.0031890660592255125,0.1628,9999,24,127,74,8.0,INSUFFICIENT_FOR_GATE,BOOM500,CRT_ATR,development,1.5,30,0.3859188984774933,0.5762887274890346,0.3714138438880707,0.5894871794871792,0.4185341257876817,0.43411895690907076,0.8721587002570977,1.3840053055956767,-0.05440355041599662,0.16368312582734884,,
252,111,36036,15365,0.44047619047619047,0.4263791763791764,1.0330621542466645,0.007224210868857794,0.3192,9999,24,127,111,9.0,ADEQUATE_FOR_RESEARCH_GATE,BOOM500,CRT_BB,development,1.5,30,0.380531229568261,0.5022086510660758,0.383670830401126,0.49802525337967735,0.4185341257876817,0.43411895690907076,0.8995745604929402,1.167160259192669,-0.04296531546111706,0.07099338996519798,,
0,0,36036,15365,,0.4263791763791764,,0.0,1.0,0,24,127,0,,INSUFFICIENT_FOR_GATE,BOOM500,CRT_CANDLE_COMPRESSION,development,1.5,30,,,,,0.4185341257876817,0.43411895690907076,,,,,,
57,26,36036,15365,0.45614035087719296,0.4263791763791764,1.0697997841985374,0.0016921575008135372,0.3265,9999,24,127,45,7.5,INSUFFICIENT_FOR_GATE,BOOM500,CRT_CANDLE_STRUCTURE,development,1.5,30,0.3337260558309283,0.5840931402088065,0.3137108574773193,0.5901639344262295,0.4185341257876817,0.43411895690907076,0.7357337368610465,1.3847363065221545,-0.1131168474851142,0.16443534026887752,,
42,15,36036,15365,0.35714285714285715,0.4263791763791764,0.837617962902701,0.0009762447120078099,1.0,9999,24,127,36,11.0,INSUFFICIENT_FOR_GATE,BOOM500,CRT_SR,development,1.5,30,0.22989188315618772,0.5083363428054419,0.21568627450980393,0.5128205128205128,0.4185341257876817,0.43411895690907076,0.5032459043625862,1.203688353873493,-0.21180678311901646,0.0867774807746942,,
503,56,36036,3010,0.11133200795228629,0.08352758352758352,1.3328771556706276,0.018604651162790697,0.0187,9999,24,127,124,3.0,ADEQUATE_FOR_RESEARCH_GATE,BOOM500,CRT,development,2.0,5,0.0867361336185003,0.14181947643406148,0.08651911468812877,0.1375798723808262,0.08151107825986297,0.08553194042761139,1.0352879467402456,1.6486923116896246,0.0029667488577935983,0.054227215210053456,,
232,18,36036,3010,0.07758620689655173,0.08352758352758352,0.9288692862870891,0.005980066445182724,1.0,9999,24,127,104,2.5,INSUFFICIENT_FOR_GATE,BOOM500,CRT_MSS,development,2.0,5,0.04963790766098259,0.11929531985515504,0.045454545454545456,0.11336032388663968,0.08151107825986297,0.08553194042761139,0.5462246735321548,1.3509393155018685,-0.037821004008992465,0.029622058160384934,,
345,39,36036,3010,0.11304347826086956,0.08352758352758352,1.353367037411527,0.012956810631229236,0.0414,9999,24,127,117,3.0,ADEQUATE_FOR_RESEARCH_GATE,BOOM500,CRT_DISPLACEMENT,development,2.0,5,0.08380426184942609,0.1508050621035532,0.08192090395480225,0.14663151702460178,0.08151107825986297,0.08553194042761139,0.9818635770564127,1.7529657163896482,-0.0015171243966138202,0.0629285718171016,,
215,17,36036,3010,0.07906976744186046,0.08352758352758352,0.9466306111411574,0.005647840531561462,1.0,9999,24,127,104,2.0,INSUFFICIENT_FOR_GATE,BOOM500,CRT_MSS_DISPLACEMENT,development,2.0,5,0.0499509490762443,0.12296628070560979,0.045871559633027525,0.11650920806304144,0.08151107825986297,0.08553194042761139,0.5510509104272278,1.3893530150042295,-0.03750966117732883,0.032486288737642526,,
92,7,36036,3010,0.07608695652173914,0.08352758352758352,0.9109201213346816,0.002325581395348837,1.0,9999,24,127,68,2.0,INSUFFICIENT_FOR_GATE,BOOM500,CRT_MSS_DISPLACEMENT_FVG,development,2.0,5,0.0373435597096154,0.14881240077167257,0.027009009009009016,0.13333333333333333,0.08151107825986297,0.08553194042761139,0.3242683982695983,1.594105543124994,-0.056311024422185434,0.04952659656489609,,
3021,265,36036,3010,0.08771929824561403,0.08352758352758352,1.0501835985312118,0.08803986710963455,0.1956,9999,24,127,127,3.0,ADEQUATE_FOR_RESEARCH_GATE,BOOM500,ATR_COMPRESSION,development,2.0,5,0.07814817917649768,0.09833758580928932,0.07769782410627687,0.09778372311086359,0.08151107825986297,0.08553194042761139,0.9318963931456044,1.1667345323426244,-0.0056920741410205,0.013935061534949517,,
2657,258,36036,3010,0.0971019947308995,0.08352758352758352,1.162514113662025,0.08571428571428572,0.0044,9999,24,127,127,3.0,ADEQUATE_FOR_RESEARCH_GATE,BOOM500,BB_SQUEEZE,development,2.0,5,0.08641812763609555,0.1089491901337846,0.086669250539409,0.10736499231992239,0.08151107825986297,0.08553194042761139,1.0422769933952885,1.2817080092854252,0.0035054887733695357,0.023561780279624637,,
1,0,36036,3010,0.0,0.08352758352758352,0.0,0.0,1.0,6340,24,127,1,,INSUFFICIENT_FOR_GATE,BOOM500,CANDLE_COMPRESSION,development,2.0,5,0.0,0.7934506856227626,0.0,0.0,0.08151107825986297,0.08553194042761139,0.0,0.0,-0.0855401482695251,-0.08153019955242365,,
1089,91,36036,3010,0.08356290174471992,0.08352758352758352,1.0004228329809726,0.030232558139534883,0.4987,9999,24,127,127,3.0,ADEQUATE_FOR_RESEARCH_GATE,BOOM500,CANDLE_STRUCTURE,development,2.0,5,0.06855461254532796,0.10149883603196078,0.06927985414767548,0.09845058302214181,0.08151107825986297,0.08553194042761139,0.8285558048328132,1.1827108082160018,-0.014368750244608963,0.015189639237176778,,
1579,177,36036,3010,0.11209626345788473,0.08352758352758352,1.3420268936771875,0.05880398671096346,0.0002,9999,24,127,126,3.0,ADEQUATE_FOR_RESEARCH_GATE,BOOM500,SR_ALIGNMENT,development,2.0,5,0.09746716071728395,0.12860820319648797,0.09790968075893816,0.12676962676962678,0.08151107825986297,0.08553194042761139,1.1718801080655847,1.5193529354528845,0.014435562534746607,0.04324777058468629,,
1268,100,36036,3010,0.07886435331230283,0.08352758352758352,0.9441713740738024,0.03322259136212625,1.0,9999,24,127,126,2.5,ADEQUATE_FOR_RESEARCH_GATE,BOOM500,ATR_BB_COMPRESSION,development,2.0,5,0.06526914930906053,0.0950035461648743,0.063591649104645,0.09384627517592817,0.08151107825986297,0.08553194042761139,0.7645735836773754,1.1180118312782403,-0.019631327570525842,0.009833974004643165,,
102,13,36036,3010,0.12745098039215685,0.08352758352758352,1.5258549931600547,0.004318936877076412,0.1104,9999,24,127,74,3.0,INSUFFICIENT_FOR_GATE,BOOM500,CRT_ATR,development,2.0,5,0.07601833536259127,0.20592655800144005,0.06382978723404255,0.2,0.08151107825986297,0.08553194042761139,0.7654708558782417,2.39026958145124,-0.01972176984095961,0.11631620792612975,,
252,23,36036,3010,0.09126984126984126,0.08352758352758352,1.0926910299003323,0.007641196013289037,0.3405,9999,24,127,111,3.0,INSUFFICIENT_FOR_GATE,BOOM500,CRT_BB,development,2.0,5,0.06158789907050487,0.13322594795194115,0.05660377358490566,0.12888975694444443,0.08151107825986297,0.08553194042761139,0.675790089865984,1.5439401333345415,-0.027206130407493388,0.045283240744467525,,
0,0,36036,3010,,0.08352758352758352,,0.0,1.0,0,24,127,0,,INSUFFICIENT_FOR_GATE,BOOM500,CRT_CANDLE_COMPRESSION,development,2.0,5,,,,,0.08151107825986297,0.08553194042761139,,,,,,
57,5,36036,3010,0.08771929824561403,0.08352758352758352,1.0501835985312118,0.0016611295681063123,0.4235,9999,24,127,45,3.0,INSUFFICIENT_FOR_GATE,BOOM500,CRT_CANDLE_STRUCTURE,development,2.0,5,0.038051671777922264,0.18944877099558666,0.019230769230769232,0.16363636363636364,0.08151107825986297,0.08553194042761139,0.23231520295531233,1.9404777239721582,-0.06389578311302854,0.07915164800378675,,
42,3,36036,3010,0.07142857142857142,0.08352758352758352,0.8551495016611296,0.0009966777408637873,1.0,9999,24,127,36,3.0,INSUFFICIENT_FOR_GATE,BOOM500,CRT_SR,development,2.0,5,0.02459040987330592,0.19009426801158313,0.0,0.16216216216216217,0.08151107825986297,0.08553194042761139,0.0,1.9367385534803223,-0.08324628071506814,0.07844070502324547,,
503,98,36036,5612,0.19483101391650098,0.15573315573315574,1.251056738684075,0.017462580185317177,0.0107,9999,24,127,124,5.0,ADEQUATE_FOR_RESEARCH_GATE,BOOM500,CRT,development,2.0,10,0.16258509165016444,0.2317028170100311,0.16237623762376238,0.22817589156874868,0.15242563722122565,0.15910234763896966,1.0425802845932695,1.464250982783741,0.006576661239364148,0.07234794839924974,,
232,41,36036,5612,0.17672413793103448,0.15573315573315574,1.1347881387175263,0.007305773342836779,0.1954,9999,24,127,104,6.0,ADEQUATE_FOR_RESEARCH_GATE,BOOM500,CRT_MSS,development,2.0,10,0.13302489841171428,0.23095461244247267,0.12916666666666668,0.22633744855967078,0.15242563722122565,0.15910234763896966,0.8316805011348479,1.452852925219116,-0.02624667046742578,0.07047845436700924,,
345,67,36036,5612,0.19420289855072465,0.15573315573315574,1.247023459047383,0.011938702779757662,0.0352,9999,24,127,117,5.0,ADEQUATE_FOR_RESEARCH_GATE,BOOM500,CRT_DISPLACEMENT,development,2.0,10,0.15592188708990729,0.23921881461076172,0.15472779369627507,0.2358506237071397,0.15242563722122565,0.15910234763896966,0.9966143095006386,1.513158792569208,-0.0005294243155684589,0.07995789041669857,,
215,37,36036,5612,0.17209302325581396,0.15573315573315574,1.105050638996171,0.0065930149679258735,0.2588,9999,24,127,104,6.0,ADEQUATE_FOR_RESEARCH_GATE,BOOM500,CRT_MSS_DISPLACEMENT,development,2.0,10,0.12750895513653984,0.22818899734545697,0.1232876712328767,0.22381307746979384,0.15242563722122565,0.15910234763896966,0.7935194142473068,1.4360757249276916,-0.03221693107062795,0.06785745841849677,,
92,14,36036,5612,0.15217391304347827,0.15573315573315574,0.977145247761009,0.0024946543121881683,1.0,9999,24,127,68,4.0,INSUFFICIENT_FOR_GATE,BOOM500,CRT_MSS_DISPLACEMENT_FVG,development,2.0,10,0.09286540270143614,0.23936512897551807,0.08536585365853659,0.22580645161290322,0.15242563722122565,0.15910234763896966,0.5502216323930981,1.4489924434990384,-0.06981647735508156,0.07007227453176906,,
3021,479,36036,5612,0.1585567692816948,0.15573315573315574,1.0181311008259362,0.0853528153955809,0.3268,9999,24,127,127,5.0,ADEQUATE_FOR_RESEARCH_GATE,BOOM500,ATR_COMPRESSION,development,2.0,10,0.14596645073878556,0.17201433335020622,0.14547119689925334,0.17150229865267777,0.15242563722122565,0.15910234763896966,0.9371856876165293,1.0992369369130215,-0.009792376161671437,0.015476994682230205,,
2657,475,36036,5612,0.17877305231464058,0.15573315573315574,1.1479447101230198,0.08464005702067,0.0005,9999,24,127,127,5.0,ADEQUATE_FOR_RESEARCH_GATE,BOOM500,BB_SQUEEZE,development,2.0,10,0.1646707697915605,0.1938028460109549,0.16602597048965104,0.19136996080190058,0.15242563722122565,0.15910234763896966,1.0686703564104956,1.2262418172391127,0.010687434287129635,0.03517616956173239,,
1,0,36036,5612,0.0,0.15573315573315574,0.0,0.0,1.0,6340,24,127,1,,INSUFFICIENT_FOR_GATE,BOOM500,CANDLE_COMPRESSION,development,2.0,10,0.0,0.7934506856227626,0.0,0.0,0.15242563722122565,0.15910234763896966,0.0,0.0,-0.15908163357053384,-0.1524006291024153,,
1089,180,36036,5612,0.1652892561983471,0.15573315573315574,1.061362016458239,0.03207412687099073,0.1648,9999,24,127,127,5.0,ADEQUATE_FOR_RESEARCH_GATE,BOOM500,CANDLE_STRUCTURE,development,2.0,10,0.1444122396980944,0.18851936340316633,0.14540493152416006,0.18539964947503393,0.15242563722122565,0.15910234763896966,0.9347792358812155,1.1897783922932377,-0.010122620156984143,0.02950794708578454,,
1579,295,36036,5612,0.18682710576314124,0.15573315573315574,1.1996617218960366,0.05256593014967926,0.0007,9999,24,127,126,5.0,ADEQUATE_FOR_RESEARCH_GATE,BOOM500,SR_ALIGNMENT,development,2.0,10,0.16837037237542243,0.2068039418374106,0.16718037760472823,0.20599808637283565,0.15242563722122565,0.15910234763896966,1.0745335633715047,1.32305962157252,0.011611447175559833,0.05024899108072622,,
1268,198,36036,5612,0.15615141955835962,0.15573315573315574,1.002685772488426,0.035281539558089804,0.4755,9999,24,127,126,5.0,ADEQUATE_FOR_RESEARCH_GATE,BOOM500,ATR_BB_COMPRESSION,development,2.0,10,0.13721324082343242,0.17716671278449939,0.1360381861575179,0.17628458498023716,0.15242563722122565,0.15910234763896966,0.8778567328309546,1.1285627260372662,-0.018928584821242427,0.02002292042418071,,
102,22,36036,5612,0.21568627450980393,0.15573315573315574,1.384973376378349,0.003920171062009979,0.0867,9999,24,127,74,4.5,INSUFFICIENT_FOR_GATE,BOOM500,CRT_ATR,development,2.0,10,0.1469720019825288,0.3050385745321267,0.13636363636363635,0.30434782608695654,0.15242563722122565,0.15910234763896966,0.8755383612489964,1.9502005094989372,-0.01933073830579609,0.14812720775750388,,
252,45,36036,5612,0.17857142857142858,0.15573315573315574,1.1466500356379188,0.008018531717747683,0.1914,9999,24,127,111,5.0,ADEQUATE_FOR_RESEARCH_GATE,BOOM500,CRT_BB,development,2.0,10,0.13621984768587647,0.23057550773954227,0.12749003984063745,0.23076923076923078,0.15242563722122565,0.15910234763896966,0.8206213007096889,1.4771171342323504,-0.027917454241396182,0.07469332604311926,,
0,0,36036,5612,,0.15573315573315574,,0.0,1.0,0,24,127,0,,INSUFFICIENT_FOR_GATE,BOOM500,CRT_CANDLE_COMPRESSION,development,2.0,10,,,,,0.15242563722122565,0.15910234763896966,,,,,,
57,11,36036,5612,0.19298245614035087,0.15573315573315574,1.2391867051806278,0.0019600855310049894,0.2471,9999,24,127,45,7.0,INSUFFICIENT_FOR_GATE,BOOM500,CRT_CANDLE_STRUCTURE,development,2.0,10,0.11132746980050533,0.3134069024776395,0.08064516129032258,0.31666666666666665,0.15242563722122565,0.15910234763896966,0.5175578595277968,2.028871868493155,-0.07482997769363849,0.1605095492193397,,
42,6,36036,5612,0.14285714285714285,0.15573315573315574,0.9173200285103349,0.0010691375623663579,1.0,9999,24,127,36,6.5,INSUFFICIENT_FOR_GATE,BOOM500,CRT_SR,development,2.0,10,0.06715967015962647,0.27841089474444775,0.046511627906976744,0.2571428571428571,0.15242563722122565,0.15910234763896966,0.29658482120992347,1.656093965753024,-0.10961772890162133,0.10200488355414697,,
503,136,36036,7718,0.27037773359840955,0.21417471417471418,1.2624166892915634,0.01762114537444934,0.0052,9999,24,127,124,7.0,ADEQUATE_FOR_RESEARCH_GATE,BOOM500,CRT,development,2.0,15,0.23341140564034843,0.31082477318865853,0.23032629558541268,0.3129929261891044,0.20971930600066305,0.2188126756437457,1.0759274011918079,1.458776549055943,0.016201518029436944,0.09827620396195766,,
232,49,36036,7718,0.21120689655172414,0.21417471417471418,0.9861430064962337,0.0063487950246177765,1.0,9999,24,127,104,7.0,ADEQUATE_FOR_RESEARCH_GATE,BOOM500,CRT_MSS,development,2.0,15,0.1636065854338692,0.2682151109292045,0.15852830813376007,0.26640710382513644,0.20971930600066305,0.2188126756437457,0.7366626494967097,1.2481124888715343,-0.05644813150631096,0.052582399449693465,,
345,94,36036,7718,0.27246376811594203,0.21417471417471418,1.2721565622993116,0.012179321067634101,0.0101,9999,24,127,117,7.0,ADEQUATE_FOR_RESEARCH_GATE,BOOM500,CRT_DISPLACEMENT,development,2.0,15,0.22818088022456948,0.3217579357328003,0.22551499974271452,0.32238887529565285,0.20971930600066305,0.2188126756437457,1.0566215596148,1.4999586427575315,0.012044434057049556,0.10737788890524004,,
215,45,36036,7718,0.20930232558139536,0.21417471417471418,0.9772504022610992,0.005830526043016326,1.0,9999,24,127,104,6.0,ADEQUATE_FOR_RESEARCH_GATE,BOOM500,CRT_MSS_DISPLACEMENT,development,2.0,15,0.1602657479275736,0.2685444936344803,0.1535077519379845,0.2679425837320574,0.20971930600066305,0.2188126756437457,0.718207737205495,1.2493874393567355,-0.06034117211928643,0.05343844663238874,,
92,18,36036,7718,0.1956521739130435,0.21417471417471418,0.9135166803745057,0.00233221041720653,1.0,9999,24,127,68,6.5,INSUFFICIENT_FOR_GATE,BOOM500,CRT_MSS_DISPLACEMENT_FVG,development,2.0,15,0.12749843174966963,0.2882032834676653,0.12222222222222222,0.27472527472527475,0.20971930600066305,0.2188126756437457,0.571254200989773,1.2843488686415694,-0.09188985064242347,0.060540811236179576,,
3021,675,36036,7718,0.2234359483614697,0.21417471417471418,1.043241491986774,0.08745789064524488,0.0638,9999,24,127,127,7.0,ADEQUATE_FOR_RESEARCH_GATE,BOOM500,ATR_COMPRESSION,development,2.0,15,0.2089386458794579,0.23863570710779622,0.21012295180929244,0.23646695963194855,0.20971930600066305,0.2188126756437457,0.9864818838922841,1.0975700353478361,-0.002879820673048831,0.020995908089963582,,
2657,615,36036,7718,0.23146405720737673,0.21417471417471418,1.0807254166267204,0.07968385592122311,0.0089,9999,24,127,127,7.0,ADEQUATE_FOR_RESEARCH_GATE,BOOM500,BB_SQUEEZE,development,2.0,15,0.21582152173573238,0.24788196376525734,0.2168348620343116,0.2461012426922259,0.20971930600066305,0.2188126756437457,1.0149053152649745,1.1472462891636102,0.003193141312963405,0.031548366867116914,,
1,0,36036,7718,0.0,0.21417471417471418,0.0,0.0,1.0,6340,24,127,1,,INSUFFICIENT_FOR_GATE,BOOM500,CANDLE_COMPRESSION,development,2.0,15,0.0,0.7934506856227626,0.0,0.0,0.20971930600066305,0.2188126756437457,0.0,0.0,-0.21865585132737905,-0.20962999696881962,,
1089,240,36036,7718,0.22038567493112948,0.21417471417471418,1.0289995052886993,0.031096138896087068,0.303,9999,24,127,127,7.0,ADEQUATE_FOR_RESEARCH_GATE,BOOM500,CANDLE_STRUCTURE,development,2.0,15,0.19677347511373142,0.24596362541942055,0.1951921742688394,0.24502802078751446,0.20971930600066305,0.2188126756437457,0.9146152883965193,1.1426228417937128,-0.018213061437840898,0.030581831040605623,,
1579,399,36036,7718,0.2526915769474351,0.21417471417471418,1.1798385160505016,0.05169733091474475,0.0001,9999,24,127,126,6.0,ADEQUATE_FOR_RESEARCH_GATE,BOOM500,SR_ALIGNMENT,development,2.0,15,0.23187543577702663,0.27470812276718226,0.2327456341784838,0.273355121278819,0.20971930600066305,0.2188126756437457,1.0881883836148547,1.2732344007559706,0.018919308369895433,0.05846014636983889,,
1268,280,36036,7718,0.22082018927444794,0.21417471417471418,1.0310282898022811,0.03627882871210158,0.2595,9999,24,127,126,8.0,ADEQUATE_FOR_RESEARCH_GATE,BOOM500,ATR_BB_COMPRESSION,development,2.0,15,0.19885124425782003,0.24447559880917047,0.19859265050820954,0.24307798489853702,0.20971930600066305,0.2188126756437457,0.932952481448748,1.1291217260081872,-0.014351232252570007,0.02780066783111371,,
102,28,36036,7718,0.27450980392156865,0.21417471417471418,1.2817096779110713,0.003627882871210158,0.1086,9999,24,127,74,7.0,INSUFFICIENT_FOR_GATE,BOOM500,CRT_ATR,development,2.0,15,0.19728206946014681,0.36810562915492484,0.1836734693877551,0.37,0.20971930600066305,0.2188126756437457,0.8600361324777753,1.7301945637650236,-0.029630213206440364,0.15617023990737808,,
252,67,36036,7718,0.26587301587301587,0.21417471417471418,1.2413837781808759,0.008681005441824307,0.0461,9999,24,127,111,7.0,ADEQUATE_FOR_RESEARCH_GATE,BOOM500,CRT_BB,development,2.0,15,0.21513851277714263,0.3236383510512489,0.20512820512820512,0.32751091703056767,0.20971930600066305,0.2188126756437457,0.9570827152379049,1.5276179334504962,-0.009140054254804627,0.11307582313421981,,
0,0,36036,7718,,0.21417471417471418,,0.0,1.0,0,24,127,0,,INSUFFICIENT_FOR_GATE,BOOM500,CRT_CANDLE_COMPRESSION,development,2.0,15,,,,,0.20971930600066305,0.2188126756437457,,,,,,
57,15,36036,7718,0.2631578947368421,0.21417471417471418,1.228706646117756,0.0019435086810054417,0.2155,9999,24,127,45,8.0,INSUFFICIENT_FOR_GATE,BOOM500,CRT_CANDLE_STRUCTURE,development,2.0,15,0.16645786597973072,0.3897657926348382,0.13725490196078433,0.390625,0.20971930600066305,0.2188126756437457,0.6407487707572936,1.8207909004955762,-0.0768341218073138,0.1764191582833639,,
42,7,36036,7718,0.16666666666666666,0.21417471417471418,0.7781808758745788,0.0009069707178025395,1.0,9999,24,127,36,8.0,INSUFFICIENT_FOR_GATE,BOOM500,CRT_SR,development,2.0,15,0.08315916646398076,0.3060400274464885,0.0625,0.28888888888888886,0.20971930600066305,0.2188126756437457,0.28877193366722304,1.3443732979072567,-0.15177525483787913,0.07354245986579201,,
503,189,36036,12222,0.3757455268389662,0.33916083916083917,1.1078682543911786,0.015463917525773196,0.0425,9999,24,127,124,10.0,ADEQUATE_FOR_RESEARCH_GATE,BOOM500,CRT,development,2.0,30,0.3345129598074474,0.41886159583595467,0.3339920948616601,0.41746020397515815,0.33142521442817746,0.3468672904415363,0.9855755040598734,1.2307626382879264,-0.004988984363467686,0.0782227807153867,,
232,88,36036,12222,0.3793103448275862,0.33916083916083917,1.1183789548524705,0.007200130911471117,0.1093,9999,24,127,104,12.5,ADEQUATE_FOR_RESEARCH_GATE,BOOM500,CRT_MSS,development,2.0,30,0.31931904008878065,0.44323331063011573,0.31913976522377113,0.44292815444193967,0.33142521442817746,0.3468672904415363,0.9406485118135874,1.3071795650543583,-0.020120521701429032,0.10392744953542292,,
345,133,36036,12222,0.3855072463768116,0.33916083916083917,1.1366502315852383,0.010882016036655211,0.0376,9999,24,127,117,10.0,ADEQUATE_FOR_RESEARCH_GATE,BOOM500,CRT_DISPLACEMENT,development,2.0,30,0.335677448676976,0.43785864342896164,0.334277222522838,0.4376989622488803,0.33142521442817746,0.3468672904415363,0.9887064712859449,1.2870354013293523,-0.003818253912156746,0.09734722025249187,,
215,75,36036,12222,0.3488372093023256,0.33916083916083917,1.0285303284584033,0.006136475208640157,0.3851,9999,24,127,104,11.0,ADEQUATE_FOR_RESEARCH_GATE,BOOM500,CRT_MSS_DISPLACEMENT,development,2.0,30,0.2882898617783159,0.4146914638339521,0.28378378378378377,0.41818618881118874,0.33142521442817746,0.3468672904415363,0.8345172250503475,1.2329557114678207,-0.056300752026637875,0.07868102844181453,,
92,31,36036,12222,0.33695652173913043,0.33916083916083917,0.9935006723442402,0.0025364097529045984,1.0,9999,24,127,68,12.0,INSUFFICIENT_FOR_GATE,BOOM500,CRT_MSS_DISPLACEMENT_FVG,development,2.0,30,0.24863604579205323,0.43834701593151904,0.24175824175824176,0.43529411764705883,0.33142521442817746,0.3468672904415363,0.7094128341320641,1.2883591030463832,-0.09904888225888524,0.09737900090459874,,
3021,1067,36036,12222,0.3531943065210195,0.33916083916083917,1.0413770274743461,0.0873015873015873,0.0123,9999,24,127,127,12.0,ADEQUATE_FOR_RESEARCH_GATE,BOOM500,ATR_COMPRESSION,development,2.0,30,0.33634674858547153,0.37041474219830717,0.33846577081705764,0.3676686441104875,0.33142521442817746,0.3468672904415363,1.0040772985098991,1.078007290529736,0.0013816004608824012,0.026502333313362065,,
2657,936,36036,12222,0.3522770041400075,0.33916083916083917,1.0386724039591975,0.07658321060382917,0.0384,9999,24,127,127,10.0,ADEQUATE_FOR_RESEARCH_GATE,BOOM500,BB_SQUEEZE,development,2.0,30,0.33433907051277595,0.37064147336828696,0.33603223981900454,0.3685856864435837,0.33142521442817746,0.3468672904415363,0.9950411416176128,1.0814274867869367,-0.001691627971113349,0.027610786212794263,,
1,0,36036,12222,0.0,0.33916083916083917,0.0,0.0,1.0,6340,24,127,1,,INSUFFICIENT_FOR_GATE,BOOM500,CANDLE_COMPRESSION,development,2.0,30,0.0,0.7934506856227626,0.0,0.0,0.33142521442817746,0.3468672904415363,0.0,0.0,-0.3467930361601141,-0.33141395672694446,,
1089,375,36036,12222,0.3443526170798898,0.33916083916083917,1.0153077163386441,0.030682376043200784,0.3363,9999,24,127,127,11.0,ADEQUATE_FOR_RESEARCH_GATE,BOOM500,CANDLE_STRUCTURE,development,2.0,30,0.3167231562004505,0.37307631355445675,0.31793239009549906,0.3708376649473065,0.33142521442817746,0.3468672904415363,0.9417679175787371,1.0890517456469715,-0.019719926036545567,0.030341529508973987,,
1579,602,36036,12222,0.3812539582013933,0.33916083916083917,1.1241096087175102,0.049255441008018326,0.0004,9999,24,127,126,11.0,ADEQUATE_FOR_RESEARCH_GATE,BOOM500,SR_ALIGNMENT,development,2.0,30,0.3576131624695162,0.40547113260612827,0.35917640976953286,0.40354152333847765,0.33142521442817746,0.3468672904415363,1.06179376770848,1.185756985787206,0.020971169116850017,0.06311712342250654,,
1268,455,36036,12222,0.3588328075709779,0.33916083916083917,1.058001886240203,0.03722794959908362,0.054,9999,24,127,126,12.0,ADEQUATE_FOR_RESEARCH_GATE,BOOM500,ATR_BB_COMPRESSION,development,2.0,30,0.33289465236475135,0.38562372308437665,0.3330656805180142,0.3847352637680733,0.33142521442817746,0.3468672904415363,0.9866710036233652,1.1274389339146225,-0.004554191164772112,0.04341121106246325,,
102,41,36036,12222,0.4019607843137255,0.33916083916083917,1.185162724883768,0.0033546064473899523,0.1144,9999,24,127,74,10.0,INSUFFICIENT_FOR_GATE,BOOM500,CRT_ATR,development,2.0,30,0.3120448660270405,0.4989932638055993,0.29906542056074764,0.5089285714285714,0.33142521442817746,0.3468672904415363,0.8831758670985423,1.4945655691392665,-0.03967554297862167,0.16786868841861113,,
252,90,36036,12222,0.35714285714285715,0.33916083916083917,1.053019145802651,0.007363770250368188,0.2873,9999,24,127,111,10.5,ADEQUATE_FOR_RESEARCH_GATE,BOOM500,CRT_BB,development,2.0,30,0.30053479864025817,0.4180409148821503,0.29364910503208375,0.41964836860670185,0.33142521442817746,0.3468672904415363,0.8653756453827254,1.237202239340568,-0.045721625842521194,0.08054080000611079,,
0,0,36036,12222,,0.33916083916083917,,0.0,1.0,0,24,127,0,,INSUFFICIENT_FOR_GATE,BOOM500,CRT_CANDLE_COMPRESSION,development,2.0,30,,,,,0.33142521442817746,0.3468672904415363,,,,,,
57,19,36036,12222,0.3333333333333333,0.33916083916083917,0.9828178694158075,0.001554573719522173,1.0,9999,24,127,45,10.0,INSUFFICIENT_FOR_GATE,BOOM500,CRT_CANDLE_STRUCTURE,development,2.0,30,0.2249380607515073,0.4627748841994856,0.20634920634920634,0.4576271186440678,0.33142521442817746,0.3468672904415363,0.6102512524596639,1.353495015245119,-0.132019601759727,0.11964232227172282,,
42,13,36036,12222,0.30952380952380953,0.33916083916083917,0.9126165930289641,0.0010636557028309605,1.0,9999,24,127,36,11.0,INSUFFICIENT_FOR_GATE,BOOM500,CRT_SR,development,2.0,30,0.1907110285879488,0.46025993936089077,0.175,0.4583333333333333,0.33142521442817746,0.3468672904415363,0.5135277866048493,1.350859047846848,-0.1650659698377326,0.11849610802556565,,
503,18,36036,1072,0.03578528827037773,0.029748029748029748,1.2029465001038544,0.016791044776119403,0.2044,9999,24,127,124,4.0,INSUFFICIENT_FOR_GATE,BOOM500,CRT,development,3.0,5,0.02275382240602467,0.0558535174777256,0.021365036772013516,0.05176148408436645,0.02839311740067027,0.03113381233859778,0.7203976714774587,1.7254711689236835,-0.008263783550288138,0.02186617156931597,,
232,6,36036,1072,0.02586206896551724,0.029748029748029748,0.8693708183221822,0.005597014925373134,1.0,9999,24,127,104,3.0,INSUFFICIENT_FOR_GATE,BOOM500,CRT_MSS,development,3.0,5,0.011905530664315073,0.05526441858849247,0.008366457461645747,0.04780876494023904,0.02839311740067027,0.03113381233859778,0.28222548283058085,1.5926054223866886,-0.02139751256076433,0.01767416033238972,,
345,14,36036,1072,0.04057971014492753,0.029748029748029748,1.3641142115509408,0.013059701492537313,0.1354,9999,24,127,117,4.0,INSUFFICIENT_FOR_GATE,BOOM500,CRT_DISPLACEMENT,development,3.0,5,0.024323917981820358,0.06695381869643598,0.022079846355728204,0.060899655515306454,0.02839311740067027,0.03113381233859778,0.7483274249587736,2.0373365614068524,-0.007568625052083156,0.030981119395603024,,
215,6,36036,1072,0.027906976744186046,0.029748029748029748,0.9381117667476571,0.005597014925373134,1.0,9999,24,127,104,2.5,INSUFFICIENT_FOR_GATE,BOOM500,CRT_MSS_DISPLACEMENT,development,3.0,5,0.01285144499589911,0.059536387300876466,0.009009009009009009,0.051288042175892556,0.02839311740067027,0.03113381233859778,0.3036538616217342,1.721947310899935,-0.02086031059497006,0.021417142188974496,,
92,4,36036,1072,0.043478260869565216,0.029748029748029748,1.4615509409474368,0.0037313432835820895,0.2399,9999,24,127,68,2.0,INSUFFICIENT_FOR_GATE,BOOM500,CRT_MSS_DISPLACEMENT_FVG,development,3.0,5,0.01703571627301368,0.10651685655298873,0.010101010101010102,0.0875,0.02839311740067027,0.03113381233859778,0.34250940397999224,2.926451275349987,-0.019703504624780325,0.057707456434879546,,
3021,88,36036,1072,0.029129427341939754,0.029748029748029748,0.9792052646400569,0.08208955223880597,1.0,9999,24,127,127,3.0,ADEQUATE_FOR_RESEARCH_GATE,BOOM500,ATR_COMPRESSION,development,3.0,5,0.023704670281500046,0.035750167689019424,0.023921754528928727,0.03452811575139757,0.02839311740067027,0.03113381233859778,0.8047060738040237,1.1607795371461567,-0.005818788895771463,0.004749103380751978,,
2657,75,36036,1072,0.02822732404968009,0.029748029748029748,0.9488804565804774,0.06996268656716417,1.0,9999,24,127,127,4.0,ADEQUATE_FOR_RESEARCH_GATE,BOOM500,BB_SQUEEZE,development,3.0,5,0.022578699894098313,0.035238145341347574,0.022296186044317646,0.03438031376164731,0.02839311740067027,0.03113381233859778,0.7469548913262596,1.1601683703343386,-0.007597889788034168,0.004723103011928357,,
1,0,36036,1072,0.0,0.029748029748029748,0.0,0.0,1.0,6340,24,127,1,,INSUFFICIENT_FOR_GATE,BOOM500,CANDLE_COMPRESSION,development,3.0,5,0.0,0.7934506856227626,0.0,0.0,0.02839311740067027,0.03113381233859778,0.0,0.0,-0.031160491859036982,-0.028449931412894376,,
1089,29,36036,1072,0.02662993572084481,0.029748029748029748,0.8951831750339213,0.027052238805970148,1.0,9999,24,127,127,3.0,INSUFFICIENT_FOR_GATE,BOOM500,CANDLE_STRUCTURE,development,3.0,5,0.018604552420714633,0.03798321547695317,0.017707362534948742,0.036219081272084806,0.02839311740067027,0.03113381233859778,0.5997683969192347,1.2070072738485673,-0.011829598494627648,0.006218533676535751,,
1579,76,36036,1072,0.048131728942368585,0.029748029748029748,1.617980395678353,0.0708955223880597,0.0002,9999,24,127,126,3.5,ADEQUATE_FOR_RESEARCH_GATE,BOOM500,SR_ALIGNMENT,development,3.0,5,0.03862682891891966,0.05982994194226612,0.03828866465582886,0.0584920827519262,0.02839311740067027,0.03113381233859778,1.292405785791044,1.9553370570218709,0.008686267623964797,0.028450108726924276,,
1268,28,36036,1072,0.022082018927444796,0.029748029748029748,0.7423018974527992,0.026119402985074626,1.0,9999,24,127,126,3.0,INSUFFICIENT_FOR_GATE,BOOM500,ATR_BB_COMPRESSION,development,3.0,5,0.015321419407187481,0.03172961702952508,0.015007898894154818,0.0296183634358773,0.02839311740067027,0.03113381233859778,0.5027134004576901,0.9983199323871067,-0.014936849091863177,-5.0137705640036655e-05,,
102,2,36036,1072,0.0196078431372549,0.029748029748029748,0.6591308165057067,0.0018656716417910447,1.0,9999,24,127,74,2.5,INSUFFICIENT_FOR_GATE,BOOM500,CRT_ATR,development,3.0,5,0.005393752169586284,0.06869308401034893,0.0,0.049019607843137254,0.02839311740067027,0.03113381233859778,0.0,1.6603150810929994,-0.030365598502367582,0.019395218500371066,,
252,8,36036,1072,0.031746031746031744,0.029748029748029748,1.0671641791044775,0.007462686567164179,0.4043,9999,24,127,111,3.0,INSUFFICIENT_FOR_GATE,BOOM500,CRT_BB,development,3.0,5,0.016172286655053436,0.061381441001729375,0.012345679012345678,0.05384615384615385,0.02839311740067027,0.03113381233859778,0.41503180676959095,1.7997393199016682,-0.01721647657665017,0.02396850604048121,,
0,0,36036,1072,,0.029748029748029748,,0.0,1.0,0,24,127,0,,INSUFFICIENT_FOR_GATE,BOOM500,CRT_CANDLE_COMPRESSION,development,3.0,5,,,,,0.02839311740067027,0.03113381233859778,,,,,,
57,1,36036,1072,0.017543859649122806,0.029748029748029748,0.5897486252945797,0.0009328358208955224,1.0,9999,24,127,45,3.0,INSUFFICIENT_FOR_GATE,BOOM500,CRT_CANDLE_STRUCTURE,development,3.0,5,0.003103664651408093,0.09290749178567684,0.0,0.05660377358490566,0.02839311740067027,0.03113381233859778,0.0,1.9267876830719204,-0.030910820185744658,0.027346950428412564,,
42,1,36036,1072,0.023809523809523808,0.029748029748029748,0.8003731343283582,0.0009328358208955224,1.0,9999,24,127,36,3.0,INSUFFICIENT_FOR_GATE,BOOM500,CRT_SR,development,3.0,5,0.004215404134432499,0.12321201573766646,0.0,0.08108108108108109,0.02839311740067027,0.03113381233859778,0.0,2.76061623951776,-0.030910820185744658,0.051688596127242255,,
503,38,36036,2473,0.07554671968190854,0.06862581862581862,1.1008498141760032,0.015365952284674484,0.2343,9999,24,127,124,6.0,ADEQUATE_FOR_RESEARCH_GATE,BOOM500,CRT,development,3.0,10,0.055532793235782384,0.10199468884207918,0.05555555555555555,0.09634143510458014,0.06632256632256632,0.07095534639929946,0.8151724813800719,1.399150494705226,-0.012592493688767574,0.027282463418004332,,
232,16,36036,2473,0.06896551724137931,0.06862581862581862,1.004950011852141,0.00646987464617873,0.4811,9999,24,127,104,6.0,INSUFFICIENT_FOR_GATE,BOOM500,CRT_MSS,development,3.0,10,0.04289325158200208,0.10907942955691385,0.04,0.1,0.06632256632256632,0.07095534639929946,0.5842596306805523,1.451618947849689,-0.028449549608435664,0.030816763791049806,,
345,27,36036,2473,0.0782608695652174,0.06862581862581862,1.1403997960582992,0.010917913465426607,0.2285,9999,24,127,117,5.0,INSUFFICIENT_FOR_GATE,BOOM500,CRT_DISPLACEMENT,development,3.0,10,0.054340506006753664,0.11146965605435863,0.052924791086350974,0.10510510510510511,0.06632256632256632,0.07095534639929946,0.7711935226817315,1.526550802826138,-0.01579879984126916,0.03614262077482214,,
215,13,36036,2473,0.06046511627906977,0.06862581862581862,0.8810840801587376,0.005256773150020219,1.0,9999,24,127,104,6.0,INSUFFICIENT_FOR_GATE,BOOM500,CRT_MSS_DISPLACEMENT,development,3.0,10,0.03567311800283162,0.1006879672389939,0.03225806451612903,0.09178743961352658,0.06632256632256632,0.07095534639929946,0.4722041095666091,1.3339481143798348,-0.036143286996169026,0.02295140697302744,,
92,6,36036,2473,0.06521739130434782,0.06862581862581862,0.950333163381916,0.002426202992317024,1.0,9999,24,127,68,2.5,INSUFFICIENT_FOR_GATE,BOOM500,CRT_MSS_DISPLACEMENT_FVG,development,3.0,10,0.0302302033231341,0.1350579612730587,0.02127659574468085,0.11764705882352941,0.06632256632256632,0.07095534639929946,0.3115556899054927,1.7037534709531488,-0.04726295939738518,0.048565207726941756,,
3021,205,36036,2473,0.06785832505792784,0.06862581862581862,0.9888162562828499,0.08289526890416499,1.0,9999,24,127,127,6.0,ADEQUATE_FOR_RESEARCH_GATE,BOOM500,ATR_COMPRESSION,development,3.0,10,0.05942763616635933,0.07738662813628612,0.05906007423059658,0.07694970896296253,0.06632256632256632,0.07095534639929946,0.865574040046177,1.1175189806925352,-0.009198756603373805,0.00810055616424078,,
2657,196,36036,2473,0.07376740684983063,0.06862581862581862,1.0749220676265656,0.07925596441568944,0.1206,9999,24,127,127,7.0,ADEQUATE_FOR_RESEARCH_GATE,BOOM500,BB_SQUEEZE,development,3.0,10,0.0644318479723083,0.08433367035967607,0.06501031566958532,0.08304774847651406,0.06632256632256632,0.07095534639929946,0.9516665843986216,1.204519541074867,-0.0033387738737571415,0.014035970506915801,,
1,0,36036,2473,0.0,0.06862581862581862,0.0,0.0,1.0,6340,24,127,1,,INSUFFICIENT_FOR_GATE,BOOM500,CANDLE_COMPRESSION,development,3.0,10,0.0,0.7934506856227626,0.0,0.0,0.06632256632256632,0.07095534639929946,0.0,0.0,-0.07091729985684396,-0.06632030580663972,,
1089,77,36036,2473,0.0707070707070707,0.06862581862581862,1.0303275374039629,0.03113627173473514,0.3838,9999,24,127,127,7.0,ADEQUATE_FOR_RESEARCH_GATE,BOOM500,CANDLE_STRUCTURE,development,3.0,10,0.05694367167285949,0.08748849417032128,0.05678793256433008,0.08485453346616344,0.06632256632256632,0.07095534639929946,0.8282885034763877,1.236148125239815,-0.011816124199162444,0.016140649050212535,,
1579,137,36036,2473,0.08676377454084863,0.06862581862581862,1.2643022156708537,0.05539830165790538,0.0072,9999,24,127,126,5.0,ADEQUATE_FOR_RESEARCH_GATE,BOOM500,SR_ALIGNMENT,development,3.0,10,0.07386321090101057,0.10167013596223216,0.07256967370473996,0.1015330595199401,0.06632256632256632,0.07095534639929946,1.0597193676287326,1.4742710199450424,0.004058608102051677,0.03264611601742044,,
1268,71,36036,2473,0.055993690851735015,0.06862581862581862,0.8159274741338953,0.028710068742418115,1.0,9999,24,127,126,7.0,ADEQUATE_FOR_RESEARCH_GATE,BOOM500,ATR_BB_COMPRESSION,development,3.0,10,0.044628406256459884,0.07004112099414929,0.04372447107741225,0.06869040760388374,0.06632256632256632,0.07095534639929946,0.6394635865614433,0.9971015682534862,-0.02472149090226511,-0.00019063585791077547,,
102,6,36036,2473,0.058823529411764705,0.06862581862581862,0.8571632454032968,0.002426202992317024,1.0,9999,24,127,74,7.0,INSUFFICIENT_FOR_GATE,BOOM500,CRT_ATR,development,3.0,10,0.027235639345374534,0.12243594490150472,0.018691588785046728,0.10989010989010989,0.06632256632256632,0.07095534639929946,0.2736343234268319,1.5849719049179964,-0.04982261834599991,0.040327319255620005,,
252,15,36036,2473,0.05952380952380952,0.06862581862581862,0.867367569753336,0.00606550748079256,1.0,9999,24,127,111,5.0,INSUFFICIENT_FOR_GATE,BOOM500,CRT_BB,development,3.0,10,0.036400508742579975,0.09587460795151231,0.03370314417901992,0.08734205588855488,0.06632256632256632,0.07095534639929946,0.49247552569928016,1.264912364800612,-0.03472655357669133,0.018193441550297503,,
0,0,36036,2473,,0.06862581862581862,,0.0,1.0,0,24,127,0,,INSUFFICIENT_FOR_GATE,BOOM500,CRT_CANDLE_COMPRESSION,development,3.0,10,,,,,0.06632256632256632,0.07095534639929946,,,,,,
57,4,36036,2473,0.07017543859649122,0.06862581862581862,1.0225807138144594,0.0016174686615446825,0.4449,9999,24,127,45,8.0,INSUFFICIENT_FOR_GATE,BOOM500,CRT_CANDLE_STRUCTURE,development,3.0,10,0.027626420229066015,0.1670017009603369,0.015873015873015872,0.13728870858688255,0.06632256632256632,0.07095534639929946,0.23201057695608798,2.006807874232043,-0.05299340256132243,0.06892914754414746,,
42,2,36036,2473,0.047619047619047616,0.06862581862581862,0.6938940558026688,0.0008087343307723412,1.0,9999,24,127,36,5.5,INSUFFICIENT_FOR_GATE,BOOM500,CRT_SR,development,3.0,10,0.013157524908905607,0.15789852396958842,0.0,0.12195121951219512,0.06632256632256632,0.07095534639929946,0.0,1.7946537874840967,-0.0698539970676369,0.054115161360096066,,
503,67,36036,3860,0.13320079522862824,0.10711510711510712,1.2435294965955561,0.017357512953367876,0.0184,9999,24,127,124,9.0,ADEQUATE_FOR_RESEARCH_GATE,BOOM500,CRT,development,3.0,15,0.10626869302897336,0.16569299523034967,0.10887096774193548,0.15831663326653306,0.1037749341356902,0.1105243506641846,1.0209230267609304,1.4710639111485921,0.002267087979140514,0.05054325729489676,,
232,22,36036,3860,0.09482758620689655,0.10711510711510712,0.8852867607646953,0.005699481865284974,1.0,9999,24,127,104,7.0,INSUFFICIENT_FOR_GATE,BOOM500,CRT_MSS,development,3.0,15,0.0634578750781742,0.1393964451924068,0.06097560975609756,0.13100436681222707,0.1037749341356902,0.1105243506641846,0.5672668792877494,1.21933363100716,-0.04629038781664882,0.023414840579504163,,
345,45,36036,3860,0.13043478260869565,0.10711510711510712,1.2177066906961027,0.011658031088082901,0.0681,9999,24,127,117,9.0,ADEQUATE_FOR_RESEARCH_GATE,BOOM500,CRT_DISPLACEMENT,development,3.0,15,0.09892966159548114,0.17007924330343163,0.10060800392486684,0.16119402985074627,0.1037749341356902,0.1105243506641846,0.9410484730732284,1.501875716119809,-0.006275021572494128,0.05379060587768763,,
215,20,36036,3860,0.09302325581395349,0.10711510711510712,0.8684419809615616,0.0051813471502590676,1.0,9999,24,127,104,8.0,INSUFFICIENT_FOR_GATE,BOOM500,CRT_MSS_DISPLACEMENT,development,3.0,15,0.061025978495858654,0.13930835969101685,0.057692307692307696,0.1308411214953271,0.1037749341356902,0.1105243506641846,0.5397413992539495,1.2200830705726737,-0.0491724192443228,0.023485978920013383,,
92,10,36036,3860,0.10869565217391304,0.10711510711510712,1.0147555755800854,0.0025906735751295338,0.4601,9999,24,127,68,8.0,INSUFFICIENT_FOR_GATE,BOOM500,CRT_MSS_DISPLACEMENT_FVG,development,3.0,15,0.06012152356953175,0.18863782456704176,0.05263157894736842,0.175,0.1037749341356902,0.1105243506641846,0.491960489525222,1.6258110129981722,-0.05432511985629873,0.06729422119314164,,
3021,322,36036,3860,0.10658722277391593,0.10711510711510712,0.9950718030779363,0.08341968911917098,1.0,9999,24,127,127,8.5,ADEQUATE_FOR_RESEARCH_GATE,BOOM500,ATR_COMPRESSION,development,3.0,15,0.09607847096997639,0.11809521966479507,0.09564013752766201,0.11756849245929032,0.1037749341356902,0.1105243506641846,0.8997429527764272,1.0905330068254788,-0.010759817985602063,0.009735642546488189,,
2657,294,36036,3860,0.11065111027474596,0.10711510711510712,1.0330112460779133,0.07616580310880829,0.2448,9999,24,127,127,9.0,ADEQUATE_FOR_RESEARCH_GATE,BOOM500,BB_SQUEEZE,development,3.0,15,0.09928061709401781,0.12314581002689862,0.09966524061988684,0.12190705759944595,0.1037749341356902,0.1105243506641846,0.9391150309761106,1.1275211883860068,-0.006455984821570224,0.01375255329090773,,
1,0,36036,3860,0.0,0.10711510711510712,0.0,0.0,1.0,6340,24,127,1,,INSUFFICIENT_FOR_GATE,BOOM500,CANDLE_COMPRESSION,development,3.0,15,0.0,0.7934506856227626,0.0,0.0,0.1037749341356902,0.1105243506641846,0.0,0.0,-0.11049275581752924,-0.10378777016388263,,
1089,115,36036,3860,0.10560146923783287,0.10711510711510712,0.985869053226566,0.029792746113989636,1.0,9999,24,127,127,8.0,ADEQUATE_FOR_RESEARCH_GATE,BOOM500,CANDLE_STRUCTURE,development,3.0,15,0.08871425029536499,0.12526139725468025,0.087534466024891,0.12394444372060298,0.1037749341356902,0.1105243506641846,0.8179812503920584,1.1549613056402668,-0.019475137796128302,0.016587146602463916,,
1579,212,36036,3860,0.13426219126029132,0.10711510711510712,1.2534384259730202,0.054922279792746116,0.0007,9999,24,127,126,8.0,ADEQUATE_FOR_RESEARCH_GATE,BOOM500,SR_ALIGNMENT,development,3.0,15,0.11833062469085852,0.15196900414212644,0.11679199250570219,0.1521457234716427,0.1037749341356902,0.1105243506641846,1.0932635222102534,1.4165883983170537,0.010019407133774473,0.04470839274402359,,
1268,124,36036,3860,0.09779179810725552,0.10711510711510712,0.9129599058531244,0.03212435233160622,1.0,9999,24,127,126,10.0,ADEQUATE_FOR_RESEARCH_GATE,BOOM500,ATR_BB_COMPRESSION,development,3.0,15,0.08263712270237222,0.11537612578397002,0.08188907527258615,0.11349313599313597,0.1037749341356902,0.1105243506641846,0.7707481260730396,1.0514104732262055,-0.024370960812927302,0.0055460394819836605,,
102,11,36036,3860,0.10784313725490197,0.10711510711510712,1.006796708320634,0.002849740932642487,0.4683,9999,24,127,74,8.0,INSUFFICIENT_FOR_GATE,BOOM500,CRT_ATR,development,3.0,15,0.061293197233020486,0.18285932209753886,0.05263157894736842,0.16853932584269662,0.1037749341356902,0.1105243506641846,0.492534586067477,1.563887725481848,-0.05398104449846099,0.061070052908328475,,
252,33,36036,3860,0.13095238095238096,0.10711510711510712,1.222538860103627,0.00854922279792746,0.1039,9999,24,127,111,11.0,ADEQUATE_FOR_RESEARCH_GATE,BOOM500,CRT_BB,development,3.0,15,0.09478667589936832,0.17820058403351988,0.09401548743654006,0.16872688440902223,0.1037749341356902,0.1105243506641846,0.8819678378027503,1.5671459053311083,-0.012877679573803034,0.06081515883812824,,
0,0,36036,3860,,0.10711510711510712,,0.0,1.0,0,24,127,0,,INSUFFICIENT_FOR_GATE,BOOM500,CRT_CANDLE_COMPRESSION,development,3.0,15,,,,,0.1037749341356902,0.1105243506641846,,,,,,
57,6,36036,3860,0.10526315789473684,0.10711510711510712,0.9827106626670302,0.0015544041450777201,1.0,9999,24,127,45,9.0,INSUFFICIENT_FOR_GATE,BOOM500,CRT_CANDLE_STRUCTURE,development,3.0,15,0.049144658523744625,0.2112281058338703,0.03508771929824561,0.1836734693877551,0.1037749341356902,0.1105243506641846,0.3275233759968401,1.7194445409053205,-0.07270817666090665,0.07651577546536668,,
42,3,36036,3860,0.07142857142857142,0.10711510711510712,0.6668393782383419,0.0007772020725388601,1.0,9999,24,127,36,8.0,INSUFFICIENT_FOR_GATE,BOOM500,CRT_SR,development,3.0,15,0.02459040987330592,0.19009426801158313,0.0,0.16129032258064516,0.1037749341356902,0.1105243506641846,0.0,1.502864469698329,-0.10706475504944811,0.05376925972280678,,
503,115,36036,7441,0.2286282306163022,0.20648795648795648,1.1072230773402858,0.015454911974197016,0.066,9999,24,127,124,14.0,ADEQUATE_FOR_RESEARCH_GATE,BOOM500,CRT,development,3.0,30,0.19406698388616597,0.26730304563902424,0.19924098671726756,0.25782924406548624,0.20027541166316085,0.2129212228101117,0.9672940012177623,1.2462985183785917,-0.0067652092015273065,0.05076476094260883,,
232,57,36036,7441,0.24568965517241378,0.20648795648795648,1.1898498069873813,0.007660260717645478,0.0836,9999,24,127,104,18.0,ADEQUATE_FOR_RESEARCH_GATE,BOOM500,CRT_MSS,development,3.0,30,0.1947337563858002,0.3049301254861602,0.1914842716074519,0.3025210084033613,0.20027541166316085,0.2129212228101117,0.9309698253526955,1.4609054803822699,-0.014296901919172277,0.09518980492830648,,
345,82,36036,7441,0.23768115942028986,0.20648795648795648,1.1510654832508487,0.011020024190297004,0.042,9999,24,127,117,14.0,ADEQUATE_FOR_RESEARCH_GATE,BOOM500,CRT_DISPLACEMENT,development,3.0,30,0.1958081870632744,0.2853314670022284,0.20111654893269929,0.2745664739884393,0.20027541166316085,0.2129212228101117,0.9790449951135679,1.321702722725919,-0.004377321161910795,0.0668619610699711,,
215,49,36036,7441,0.22790697674418606,0.20648795648795648,1.1037301187949857,0.00658513640639699,0.2338,9999,24,127,104,18.0,ADEQUATE_FOR_RESEARCH_GATE,BOOM500,CRT_MSS_DISPLACEMENT,development,3.0,30,0.17690110829941946,0.28846527780266296,0.17166856012791382,0.28780487804878047,0.20027541166316085,0.2129212228101117,0.8347095401980553,1.3864328469993166,-0.03420138595182048,0.08010125962986693,,
92,18,36036,7441,0.1956521739130435,0.20648795648795648,0.9475234160906377,0.002419029700309098,1.0,9999,24,127,68,12.0,INSUFFICIENT_FOR_GATE,BOOM500,CRT_MSS_DISPLACEMENT_FVG,development,3.0,30,0.12749843174966963,0.2882032834676653,0.12087912087912088,0.2772552255225519,0.20027541166316085,0.2129212228101117,0.5874750785338874,1.3454037006439685,-0.08584856515758899,0.0707949426241239,,
3021,626,36036,7441,0.20721615359152598,0.20648795648795648,1.0035265839032699,0.0841284773551942,0.4549,9999,24,127,127,15.0,ADEQUATE_FOR_RESEARCH_GATE,BOOM500,ATR_COMPRESSION,development,3.0,30,0.19313924504156854,0.22203671572112,0.19225631630925874,0.2218945090327183,0.20027541166316085,0.2129212228101117,0.9408550230748912,1.0663839379448117,-0.012218384903008176,0.013721742279790514,,
2657,556,36036,7441,0.20925856228829506,0.20648795648795648,1.013417759793173,0.07472113963176992,0.3359,9999,24,127,127,15.0,ADEQUATE_FOR_RESEARCH_GATE,BOOM500,BB_SQUEEZE,development,3.0,30,0.19421659495653498,0.22514001688581198,0.19422517949719095,0.22452039523487444,0.20027541166316085,0.2129212228101117,0.9491973056631176,1.0755396455478694,-0.010391342453392603,0.015709091761937608,,
1,0,36036,7441,0.0,0.20648795648795648,0.0,0.0,1.0,6340,24,127,1,,INSUFFICIENT_FOR_GATE,BOOM500,CANDLE_COMPRESSION,development,3.0,30,0.0,0.7934506856227626,0.0,0.0,0.20027541166316085,0.2129212228101117,0.0,0.0,-0.21295191796731178,-0.20030450401607838,,
1089,219,36036,7441,0.20110192837465565,0.20648795648795648,0.9739160181305055,0.029431528020427363,1.0,9999,24,127,127,15.0,ADEQUATE_FOR_RESEARCH_GATE,BOOM500,CANDLE_STRUCTURE,development,3.0,30,0.17836516744390557,0.22594000898808447,0.17712140404986138,0.22546504192731948,0.20027541166316085,0.2129212228101117,0.8614648460394271,1.0880903866836225,-0.028597827218311056,0.018125679831895402,,
1579,406,36036,7441,0.2571247625079164,0.20648795648795648,1.2452288592575291,0.05456255879586077,0.0001,9999,24,127,126,15.0,ADEQUATE_FOR_RESEARCH_GATE,BOOM500,SR_ALIGNMENT,development,3.0,30,0.23617538293566306,0.2792530285923883,0.23628414840883588,0.277945876564577,0.20027541166316085,0.2129212228101117,1.1502673957637701,1.3399388744192577,0.031085849193666814,0.07006204807093624,,
1268,257,36036,7441,0.20268138801261829,0.20648795648795648,0.981565179199397,0.03453836849885768,1.0,9999,24,127,126,16.0,ADEQUATE_FOR_RESEARCH_GATE,BOOM500,ATR_BB_COMPRESSION,development,3.0,30,0.18146817350744673,0.22569063958931998,0.1812492481956696,0.2243446874833239,0.20027541166316085,0.2129212228101117,0.8865420747067924,1.0758102448062568,-0.023305594864541743,0.015820136697291657,,
102,22,36036,7441,0.21568627450980393,0.20648795648795648,1.0445465109844503,0.002956591855933342,0.3942,9999,24,127,74,15.0,INSUFFICIENT_FOR_GATE,BOOM500,CRT_ATR,development,3.0,30,0.1469720019825288,0.3050385745321267,0.14035087719298245,0.2978723404255319,0.20027541166316085,0.2129212228101117,0.681968144640551,1.4396237557158738,-0.0656660510333194,0.09040272798834001,,
252,54,36036,7441,0.21428571428571427,0.20648795648795648,1.037763741432603,0.007257089100927295,0.3667,9999,24,127,111,14.0,ADEQUATE_FOR_RESEARCH_GATE,BOOM500,CRT_BB,development,3.0,30,0.16811345675627423,0.26903797028854237,0.16793893129770993,0.2589928057553957,0.20027541166316085,0.2129212228101117,0.8142715635770582,1.253968322478142,-0.03818053679272061,0.052405961900901854,,
0,0,36036,7441,,0.20648795648795648,,0.0,1.0,0,24,127,0,,INSUFFICIENT_FOR_GATE,BOOM500,CRT_CANDLE_COMPRESSION,development,3.0,30,,,,,0.20027541166316085,0.2129212228101117,,,,,,
57,8,36036,7441,0.14035087719298245,0.20648795648795648,0.6797049066693073,0.0010751243112484881,1.0,9999,24,127,45,10.5,INSUFFICIENT_FOR_GATE,BOOM500,CRT_CANDLE_STRUCTURE,development,3.0,30,0.07287276143238601,0.2532446460934409,0.06,0.22727272727272727,0.20027541166316085,0.2129212228101117,0.28811728636067385,1.099877328076986,-0.14706265698204282,0.020641902899967386,,
42,7,36036,7441,0.16666666666666666,0.20648795648795648,0.8071495766698025,0.0009407337723424271,1.0,9999,24,127,36,21.0,INSUFFICIENT_FOR_GATE,BOOM500,CRT_SR,development,3.0,30,0.08315916646398076,0.3060400274464885,0.06382978723404255,0.2903225806451613,0.20027541166316085,0.2129212228101117,0.3102528017063159,1.4164403076345706,-0.1430645221304171,0.08533207728949753,,
229,32,15546,2084,0.13973799126637554,0.13405377589090442,1.0424025010686535,0.015355086372360844,0.3947,9999,24,55,55,3.0,ADEQUATE_FOR_RESEARCH_GATE,BOOM500,CRT,final_test,1.5,5,0.10075289270279383,0.19061042018959476,0.09560938065918145,0.1875,0.13028322971332473,0.1379065953061887,0.7150804258400949,1.3946508934253594,-0.03806096850237269,0.05274669728199717,1.0,False
110,13,15546,2084,0.11818181818181818,0.13405377589090442,0.881600069795847,0.006238003838771593,1.0,9999,24,55,50,2.0,INSUFFICIENT_FOR_GATE,BOOM500,CRT_MSS,final_test,1.5,5,0.07038128226926789,0.19175045014023934,0.05555555555555555,0.18487394957983194,0.13028322971332473,0.1379065953061887,0.40937929036073545,1.390700387977225,-0.07962536868182761,0.05183360799154351,1.0,False
158,19,15546,2084,0.12025316455696203,0.13405377589090442,0.8970516776403702,0.009117082533589251,1.0,9999,24,55,53,3.0,INSUFFICIENT_FOR_GATE,BOOM500,CRT_DISPLACEMENT,final_test,1.5,5,0.0783519193896133,0.180181704352933,0.0738255033557047,0.16770186335403728,0.13028322971332473,0.1379065953061887,0.5467469803349102,1.2608342912483619,-0.061053582900692155,0.034610115733000275,1.0,False
97,12,15546,2084,0.12371134020618557,0.13405377589090442,0.9228486059718621,0.005758157389635317,1.0,9999,24,55,48,2.0,INSUFFICIENT_FOR_GATE,BOOM500,CRT_MSS_DISPLACEMENT,final_test,1.5,5,0.0722040020802373,0.20388739074856865,0.05813953488372093,0.19607843137254902,0.13028322971332473,0.1379065953061887,0.42812768012565383,1.4735989103376619,-0.07716644620568912,0.06307086547719043,1.0,False
31,2,15546,2084,0.06451612903225806,0.13405377589090442,0.4812705095659711,0.0009596928982725527,1.0,9999,24,55,21,1.5,INSUFFICIENT_FOR_GATE,BOOM500,CRT_MSS_DISPLACEMENT_FVG,final_test,1.5,5,0.017874783521914572,0.20718636736298127,0.0,0.16666666666666666,0.13028322971332473,0.1379065953061887,0.0,1.2199770620884358,-0.13575667716440556,0.02932382379318487,1.0,False
1318,183,15546,2084,0.13884673748103188,0.13405377589090442,1.035754021535567,0.08781190019193857,0.2923,9999,24,55,55,3.0,ADEQUATE_FOR_RESEARCH_GATE,BOOM500,ATR_COMPRESSION,final_test,1.5,5,0.12122589339353346,0.15856670681031798,0.12148783376735077,0.1565025716385011,0.13028322971332473,0.1379065953061887,0.9062815782952387,1.164054830850377,-0.012588323684204854,0.022111728977842193,1.0,False
1141,166,15546,2084,0.14548641542506574,0.13405377589090442,1.0852839799414933,0.07965451055662189,0.106,9999,24,55,55,3.0,ADEQUATE_FOR_RESEARCH_GATE,BOOM500,BB_SQUEEZE,final_test,1.5,5,0.126217106151371,0.16713483025268427,0.1269274672356824,0.16474756421612047,0.13028322971332473,0.1379065953061887,0.9526718628248366,1.2220163063602467,-0.006292872838136038,0.02988164625590407,1.0,False
1,0,15546,2084,0.0,0.13405377589090442,0.0,0.0,1.0,6336,24,55,1,,INSUFFICIENT_FOR_GATE,BOOM500,CANDLE_COMPRESSION,final_test,1.5,5,0.0,0.7934506856227626,0.0,0.0,0.13028322971332473,0.1379065953061887,0.0,0.0,-0.1380681818181818,-0.1305572339198011,1.0,False
452,54,15546,2084,0.11946902654867257,0.13405377589090442,0.8912022489086678,0.025911708253358926,1.0,9999,24,55,55,3.0,ADEQUATE_FOR_RESEARCH_GATE,BOOM500,CANDLE_STRUCTURE,final_test,1.5,5,0.09272936293746778,0.1526222975061408,0.09285465694398409,0.1474671658986175,0.13028322971332473,0.1379065953061887,0.6955879483764504,1.0968207127131127,-0.04078500269852312,0.01296543904792426,1.0,False
646,107,15546,2084,0.16563467492260062,0.13405377589090442,1.2355838082278066,0.051343570057581576,0.0115,9999,24,55,55,3.0,ADEQUATE_FOR_RESEARCH_GATE,BOOM500,SR_ALIGNMENT,final_test,1.5,5,0.13896061034771418,0.19626185947750124,0.13871951219512196,0.19412190963341852,0.13028322971332473,0.1379065953061887,1.0501950646966167,1.4339426801760422,0.006647363779688501,0.05880898663827419,1.0,False
576,84,15546,2084,0.14583333333333334,0.13405377589090442,1.0878718809980805,0.04030710172744722,0.1851,9999,24,55,55,3.0,ADEQUATE_FOR_RESEARCH_GATE,BOOM500,ATR_BB_COMPRESSION,final_test,1.5,5,0.11935683867007969,0.1770025475148828,0.12081602804941663,0.1711864406779661,0.13028322971332473,0.1379065953061887,0.8960350448095402,1.2824753625253906,-0.013965293979154051,0.03774411054502419,1.0,False
49,7,15546,2084,0.14285714285714285,0.13405377589090442,1.065670414038936,0.0033589251439539347,0.4074,9999,24,55,35,4.0,INSUFFICIENT_FOR_GATE,BOOM500,CRT_ATR,final_test,1.5,5,0.0709642372040676,0.26667706223914406,0.043478260869565216,0.25925925925925924,0.13028322971332473,0.1379065953061887,0.3241479293814695,1.9232618243880333,-0.09010720790081501,0.12362895215143069,1.0,False
125,16,15546,2084,0.128,0.13405377589090442,0.9548406909788867,0.007677543186180422,1.0,9999,24,55,53,3.0,INSUFFICIENT_FOR_GATE,BOOM500,CRT_BB,final_test,1.5,5,0.08034702880619571,0.1978356241127992,0.07751937984496124,0.18095238095238095,0.13028322971332473,0.1379065953061887,0.5816819103825585,1.3436799240553412,-0.05580573768645144,0.046139830917983585,1.0,False
0,0,15546,2084,,0.13405377589090442,,0.0,1.0,0,24,55,0,,INSUFFICIENT_FOR_GATE,BOOM500,CRT_CANDLE_COMPRESSION,final_test,1.5,5,,,,,0.13028322971332473,0.1379065953061887,,,,,1.0,False
30,5,15546,2084,0.16666666666666666,0.13405377589090442,1.243282149712092,0.0023992322456813818,0.3136,9999,24,55,24,3.0,INSUFFICIENT_FOR_GATE,BOOM500,CRT_CANDLE_STRUCTURE,final_test,1.5,5,0.0733654237184855,0.3356435050641603,0.038461538461538464,0.3157894736842105,0.13028322971332473,0.1379065953061887,0.28747650638861555,2.339395087103489,-0.09489564532021705,0.18093231258211329,1.0,False
14,2,15546,2084,0.14285714285714285,0.13405377589090442,1.065670414038936,0.0009596928982725527,0.4322,9999,24,55,14,3.5,INSUFFICIENT_FOR_GATE,BOOM500,CRT_SR,final_test,1.5,5,0.040093921271464966,0.39941379496970353,0.0,0.35714285714285715,0.13028322971332473,0.1379065953061887,0.0,2.6050075129320867,-0.13539586803941955,0.21913922387136664,1.0,False
229,60,15546,3582,0.26200873362445415,0.23041296796603628,1.1371266814421452,0.01675041876046901,0.1183,9999,24,55,55,5.0,ADEQUATE_FOR_RESEARCH_GATE,BOOM500,CRT,final_test,1.5,10,0.2093179646022724,0.32255234512663883,0.20816234185982085,0.31627906976744186,0.2244949494949495,0.23609710101585876,0.9143106469884859,1.3608319489132885,-0.01961318942083004,0.08348176088133054,1.0,False
110,24,15546,3582,0.21818181818181817,0.23041296796603628,0.9469164001827318,0.006700167504187605,1.0,9999,24,55,50,4.0,INSUFFICIENT_FOR_GATE,BOOM500,CRT_MSS,final_test,1.5,10,0.1512295618032512,0.3041533835466231,0.13725490196078433,0.3,0.2244949494949495,0.23609710101585876,0.5958080846875881,1.3028016143703702,-0.09315166635530751,0.06948033176221231,1.0,False
158,38,15546,3582,0.24050632911392406,0.23041296796603628,1.0438055255178849,0.01060859854829704,0.3841,9999,24,55,53,5.5,INSUFFICIENT_FOR_GATE,BOOM500,CRT_DISPLACEMENT,final_test,1.5,10,0.18053233679427214,0.3127989727631345,0.17333333333333334,0.3096774193548387,0.2244949494949495,0.23609710101585876,0.7521737134294217,1.342867492652568,-0.05749068022051582,0.07891494156237934,1.0,False
97,21,15546,3582,0.21649484536082475,0.23041296796603628,0.939594881624618,0.005862646566164154,1.0,9999,24,55,48,3.0,INSUFFICIENT_FOR_GATE,BOOM500,CRT_MSS_DISPLACEMENT,final_test,1.5,10,0.14618778380932268,0.308401621746627,0.12903225806451613,0.30526315789473685,0.2244949494949495,0.23609710101585876,0.5611667557465712,1.3268774690261675,-0.10083140426552051,0.07540667185877462,1.0,False
31,6,15546,3582,0.1935483870967742,0.23041296796603628,0.8400064840330685,0.0016750418760469012,1.0,9999,24,55,21,6.0,INSUFFICIENT_FOR_GATE,BOOM500,CRT_MSS_DISPLACEMENT_FVG,final_test,1.5,10,0.09187008361586096,0.36280257811795463,0.045454545454545456,0.36363636363636365,0.2244949494949495,0.23609710101585876,0.19805961233393143,1.577092867725553,-0.18466962325579256,0.1326470948970028,1.0,False
1318,300,15546,3582,0.2276176024279211,0.23041296796603628,0.9878680199174934,0.08375209380234507,1.0,9999,24,55,55,5.0,ADEQUATE_FOR_RESEARCH_GATE,BOOM500,ATR_COMPRESSION,final_test,1.5,10,0.20579173314202698,0.2510266354991131,0.20632353254403663,0.24943996392101994,0.2244949494949495,0.23609710101585876,0.8986460863668848,1.077617578777785,-0.023443938435951474,0.017964360329270363,1.0,False
1141,283,15546,3582,0.24802804557405783,0.23041296796603628,1.0764500269386663,0.07900614182021218,0.0667,9999,24,55,55,5.0,ADEQUATE_FOR_RESEARCH_GATE,BOOM500,BB_SQUEEZE,final_test,1.5,10,0.22384273685902742,0.273904313119133,0.2244540687852612,0.27209979597657014,0.2244949494949495,0.23609710101585876,0.9804699073956786,1.1739327176755485,-0.004429142810526286,0.040201002171376,1.0,False
1,0,15546,3582,0.0,0.23041296796603628,0.0,0.0,1.0,6336,24,55,1,,INSUFFICIENT_FOR_GATE,BOOM500,CANDLE_COMPRESSION,final_test,1.5,10,0.0,0.7934506856227626,0.0,0.0,0.2244949494949495,0.23609710101585876,0.0,0.0,-0.23659035198826994,-0.22515278371928982,1.0,False
452,98,15546,3582,0.2168141592920354,0.23041296796603628,0.9409807147833563,0.027359017308766054,1.0,9999,24,55,55,5.0,ADEQUATE_FOR_RESEARCH_GATE,BOOM500,CANDLE_STRUCTURE,final_test,1.5,10,0.18129706456616546,0.2571041711127991,0.18636363636363637,0.2471668067976254,0.2244949494949495,0.23609710101585876,0.8103743403770745,1.069758335953396,-0.04355148893738591,0.015979489239163744,1.0,False
646,179,15546,3582,0.2770897832817337,0.23041296796603628,1.2025789421825328,0.04997208263539922,0.0034,9999,24,55,55,5.0,ADEQUATE_FOR_RESEARCH_GATE,BOOM500,SR_ALIGNMENT,final_test,1.5,10,0.24397130699636613,0.3128436728871108,0.2428774898265153,0.3123125324738228,0.2244949494949495,0.23609710101585876,1.0640454507057735,1.3434959554844628,0.014554236527686731,0.0799255853358396,1.0,False
576,138,15546,3582,0.23958333333333334,0.23041296796603628,1.0397996929089894,0.038525963149078725,0.2483,9999,24,55,55,5.0,ADEQUATE_FOR_RESEARCH_GATE,BOOM500,ATR_BB_COMPRESSION,final_test,1.5,10,0.20652436511761746,0.27609283060661965,0.2119089316987741,0.2674852268449332,0.2244949494949495,0.23609710101585876,0.9251439409049387,1.1558862144261135,-0.017155226183856714,0.03596715224828004,1.0,False
49,13,15546,3582,0.2653061224489796,0.23041296796603628,1.151437459405873,0.0036292573981016193,0.2844,9999,24,55,35,4.0,INSUFFICIENT_FOR_GATE,BOOM500,CRT_ATR,final_test,1.5,10,0.16211282134957408,0.4026228897131079,0.14583333333333334,0.4,0.2244949494949495,0.23609710101585876,0.635919164676058,1.7198099471598147,-0.08326473216899509,0.16701049495942208,1.0,False
125,35,15546,3582,0.28,0.23041296796603628,1.215209380234506,0.00977107761027359,0.111,9999,24,55,53,7.0,INSUFFICIENT_FOR_GATE,BOOM500,CRT_BB,final_test,1.5,10,0.2087531598446115,0.3643656133870522,0.20161290322580644,0.3643410852713178,0.2244949494949495,0.23609710101585876,0.8811509094220915,1.5741470706183238,-0.02723259150630154,0.13241590220079455,1.0,False
0,0,15546,3582,,0.23041296796603628,,0.0,1.0,0,24,55,0,,INSUFFICIENT_FOR_GATE,BOOM500,CRT_CANDLE_COMPRESSION,final_test,1.5,10,,,,,0.2244949494949495,0.23609710101585876,,,,,1.0,False
30,11,15546,3582,0.36666666666666664,0.23041296796603628,1.5913456169737576,0.0030709101060859855,0.0266,9999,24,55,24,6.0,INSUFFICIENT_FOR_GATE,BOOM500,CRT_CANDLE_STRUCTURE,final_test,1.5,10,0.21873920806100708,0.5448643634520511,0.22580645161290322,0.513552123552123,0.2244949494949495,0.23609710101585876,0.9802745854692079,2.201592250218793,-0.004550160940060849,0.2775639751529519,1.0,False
14,4,15546,3582,0.2857142857142857,0.23041296796603628,1.2400095716678632,0.0011166945840312675,0.2994,9999,24,55,14,5.5,INSUFFICIENT_FOR_GATE,BOOM500,CRT_SR,final_test,1.5,10,0.11721378644576919,0.5464908432989318,0.06666666666666667,0.5454545454545454,0.2244949494949495,0.23609710101585876,0.2940819640920703,2.3534174492142137,-0.16158756092643242,0.31193436192103435,1.0,False
229,76,15546,4742,0.3318777292576419,0.30503023285732667,1.088015853867419,0.016026992830029525,0.1741,9999,24,55,55,7.0,ADEQUATE_FOR_RESEARCH_GATE,BOOM500,CRT,final_test,1.5,15,0.27410464464483747,0.3951982347049439,0.2727272727272727,0.39111111111111113,0.2964552923162173,0.31312874060868456,0.9028521229456486,1.27052888719763,-0.029347447973356002,0.08285765087363314,1.0,False
110,33,15546,4742,0.3,0.30503023285732667,0.983509067903838,0.006959088991986504,1.0,9999,24,55,50,8.0,INSUFFICIENT_FOR_GATE,BOOM500,CRT_MSS,final_test,1.5,15,0.22229896444649316,0.39119860967277237,0.21100917431192662,0.38597359735973585,0.2964552923162173,0.31312874060868456,0.6905635268814724,1.2711670859839088,-0.09465168944408561,0.08219531232217372,1.0,False
158,47,15546,4742,0.2974683544303797,0.30503023285732667,0.9752094133223709,0.009911429776465626,1.0,9999,24,55,53,7.0,INSUFFICIENT_FOR_GATE,BOOM500,CRT_DISPLACEMENT,final_test,1.5,15,0.23168194793954489,0.3728693180564798,0.22784458509142053,0.36809815950920244,0.2964552923162173,0.31312874060868456,0.7479794915555711,1.2080029123188165,-0.07682294883607471,0.06337457021695696,1.0,False
97,30,15546,4742,0.30927835051546393,0.30503023285732667,1.0139268741276681,0.0063264445381695485,0.4704,9999,24,55,48,7.5,INSUFFICIENT_FOR_GATE,BOOM500,CRT_MSS_DISPLACEMENT,final_test,1.5,15,0.22604158272349342,0.40704583555960006,0.21428571428571427,0.4021801599200399,0.2964552923162173,0.31312874060868456,0.6993793623714355,1.319778129657709,-0.09232775965324234,0.0973122533547347,1.0,False
31,10,15546,4742,0.3225806451612903,0.30503023285732667,1.0575366321546644,0.002108814846056516,0.419,9999,24,55,21,8.5,INSUFFICIENT_FOR_GATE,BOOM500,CRT_MSS_DISPLACEMENT_FVG,final_test,1.5,15,0.18569426566359176,0.49858990691914357,0.15384615384615385,0.5143290043290036,0.2964552923162173,0.31312874060868456,0.49953452065344417,1.6891913911801124,-0.1532454928909092,0.2096849362013295,1.0,False
1318,407,15546,4742,0.3088012139605463,0.30503023285732667,1.012362647033035,0.08582876423450021,0.3679,9999,24,55,55,7.0,ADEQUATE_FOR_RESEARCH_GATE,BOOM500,ATR_COMPRESSION,final_test,1.5,15,0.28444493068721965,0.3342687988324664,0.2842642435777254,0.3330989390574881,0.2964552923162173,0.31312874060868456,0.9419996905895919,1.0845933153643954,-0.017667480382580363,0.025935491020609748,1.0,False
1141,367,15546,4742,0.32164767747589834,0.30503023285732667,1.054478024892517,0.07739350485027414,0.0934,9999,24,55,55,6.0,ADEQUATE_FOR_RESEARCH_GATE,BOOM500,BB_SQUEEZE,final_test,1.5,15,0.2951816625309123,0.34931059719275953,0.29489379359417567,0.3483535528596187,0.2964552923162173,0.31312874060868456,0.9731110242120253,1.1352609522388302,-0.008161891903669498,0.0414649611226775,1.0,False
1,0,15546,4742,0.0,0.30503023285732667,0.0,0.0,1.0,6336,24,55,1,,INSUFFICIENT_FOR_GATE,BOOM500,CANDLE_COMPRESSION,final_test,1.5,15,0.0,0.7934506856227626,0.0,0.0,0.2964552923162173,0.31312874060868456,0.0,0.0,-0.31368229168732753,-0.29724003012384,1.0,False
452,129,15546,4742,0.2853982300884956,0.30503023285732667,0.9356391575191378,0.02720371151412906,1.0,9999,24,55,55,6.0,ADEQUATE_FOR_RESEARCH_GATE,BOOM500,CANDLE_STRUCTURE,final_test,1.5,15,0.24571019648830872,0.32870323992465655,0.24835091737530762,0.3245642701525054,0.2964552923162173,0.31312874060868456,0.8166871641303826,1.0598308036697746,-0.055941830604541366,0.018281778720571604,1.0,False
646,231,15546,4742,0.35758513931888547,0.30503023285732667,1.172294090225937,0.04871362294390553,0.0017,9999,24,55,55,6.0,ADEQUATE_FOR_RESEARCH_GATE,BOOM500,SR_ALIGNMENT,final_test,1.5,15,0.3215670179116997,0.39528699701385506,0.32043042722532245,0.39497110979206473,0.2964552923162173,0.31312874060868456,1.0621752849321786,1.2835697016243288,0.018815889787839095,0.08713195406537207,0.629,False
576,189,15546,4742,0.328125,0.30503023285732667,1.0757130430198227,0.03985660059046816,0.0916,9999,24,55,55,6.0,ADEQUATE_FOR_RESEARCH_GATE,BOOM500,ATR_BB_COMPRESSION,final_test,1.5,15,0.2910296474342584,0.3674977017437381,0.2928904507023373,0.36573504859414213,0.2964552923162173,0.31312874060868456,0.9679790525712518,1.1907614198433603,-0.009684837585445399,0.0583832854336302,1.0,False
49,18,15546,4742,0.3673469387755102,0.30503023285732667,1.2042968178414344,0.003795866722901729,0.1794,9999,24,55,35,7.0,INSUFFICIENT_FOR_GATE,BOOM500,CRT_ATR,final_test,1.5,15,0.2466517296868314,0.5073293243920758,0.23809523809523808,0.5094339622641509,0.2964552923162173,0.31312874060868456,0.7830023054459756,1.6533153093367956,-0.06586186890562602,0.20014095018631436,1.0,False
125,41,15546,4742,0.328,0.30503023285732667,1.075303247574863,0.008646140868831717,0.2886,9999,24,55,53,7.0,INSUFFICIENT_FOR_GATE,BOOM500,CRT_BB,final_test,1.5,15,0.25189962748906103,0.4143568679466034,0.24786324786324787,0.415929203539823,0.2964552923162173,0.31312874060868456,0.8192922902858619,1.3535499315789177,-0.054759068245296645,0.1087761933516106,1.0,False
0,0,15546,4742,,0.30503023285732667,,0.0,1.0,0,24,55,0,,INSUFFICIENT_FOR_GATE,BOOM500,CRT_CANDLE_COMPRESSION,final_test,1.5,15,,,,,0.2964552923162173,0.31312874060868456,,,,,1.0,False
30,15,15546,4742,0.5,0.30503023285732667,1.63918177983973,0.0031632222690847742,0.0082,9999,24,55,24,8.0,INSUFFICIENT_FOR_GATE,BOOM500,CRT_CANDLE_STRUCTURE,final_test,1.5,15,0.33154125640533766,0.6684587435946623,0.3548387096774194,0.6539124668435004,0.2964552923162173,0.31312874060868456,1.1610820874594485,2.1359212552724425,0.04904514789805341,0.34828737078892114,1.0,False
14,7,15546,4742,0.5,0.30503023285732667,1.63918177983973,0.0014761703922395613,0.0765,9999,24,55,14,9.0,INSUFFICIENT_FOR_GATE,BOOM500,CRT_SR,final_test,1.5,15,0.26799202452413634,0.7320079754758637,0.2222222222222222,0.7692307692307693,0.2964552923162173,0.31312874060868456,0.7461076593517096,2.514943692093757,-0.07673023985871551,0.46513290293665827,1.0,False
229,103,15546,6839,0.4497816593886463,0.43992023671684033,1.0224163879011399,0.015060681386167568,0.3766,9999,24,55,55,8.0,ADEQUATE_FOR_RESEARCH_GATE,BOOM500,CRT,final_test,1.5,30,0.3867069356309431,0.5145134049540565,0.3865546218487395,0.5131637168141593,0.4270408163265306,0.45297628779115745,0.8879726191717674,1.1547095662890838,-0.049134873105368126,0.06854031599460629,1.0,False
110,48,15546,6839,0.43636363636363634,0.43992023671684033,0.9919153517925268,0.007018569966369352,1.0,9999,24,55,50,10.5,INSUFFICIENT_FOR_GATE,BOOM500,CRT_MSS,final_test,1.5,30,0.3473849885145197,0.5296369668870647,0.3490456340500219,0.52,0.4270408163265306,0.45297628779115745,0.7901063189156886,1.1859565805874117,-0.0932191358415945,0.08089985936153528,1.0,False
158,68,15546,6839,0.43037974683544306,0.43992023671684033,0.9783131370527559,0.00994297411902325,1.0,9999,24,55,53,9.5,INSUFFICIENT_FOR_GATE,BOOM500,CRT_DISPLACEMENT,final_test,1.5,30,0.355732395391825,0.5083321022943086,0.34868421052631576,0.510645951324047,0.4270408163265306,0.45297628779115745,0.7948654504009286,1.1592616383835694,-0.08986477730608733,0.07005089259529176,1.0,False
97,41,15546,6839,0.422680412371134,0.43992023671684033,0.9608114769296169,0.005995028512940488,1.0,9999,24,55,48,10.0,INSUFFICIENT_FOR_GATE,BOOM500,CRT_MSS_DISPLACEMENT,final_test,1.5,30,0.32916626250818676,0.5220853935525268,0.3258296315651947,0.5157894736842106,0.4270408163265306,0.45297628779115745,0.7371440805615773,1.173717668032111,-0.11542152918193885,0.07610166168942617,1.0,False
31,13,15546,6839,0.41935483870967744,0.43992023671684033,0.9532519845855602,0.0019008626992250328,1.0,9999,24,55,21,11.0,INSUFFICIENT_FOR_GATE,BOOM500,CRT_MSS_DISPLACEMENT_FVG,final_test,1.5,30,0.2641554306731223,0.5923373750463029,0.22727272727272727,0.625,0.4270408163265306,0.45297628779115745,0.5147029006797147,1.427843751152997,-0.21495592999735524,0.1868976224530942,1.0,False
1318,592,15546,6839,0.44916540212443096,0.43992023671684033,1.0210155492654487,0.08656236291855535,0.1602,9999,24,55,55,10.0,ADEQUATE_FOR_RESEARCH_GATE,BOOM500,ATR_COMPRESSION,final_test,1.5,30,0.42249807604209877,0.47612819331432576,0.4247587127040317,0.4730543341361557,0.4270408163265306,0.45297628779115745,0.9792752838357162,1.0625481587727879,-0.00899939712421072,0.027688469791572405,1.0,False
1141,521,15546,6839,0.4566170026292726,0.43992023671684033,1.0379540755775218,0.07618072817663402,0.0797,9999,24,55,55,9.0,ADEQUATE_FOR_RESEARCH_GATE,BOOM500,BB_SQUEEZE,final_test,1.5,30,0.427908307818492,0.4856168364386174,0.4288224956063269,0.48464294643324357,0.4270408163265306,0.45297628779115745,0.9844782414034866,1.0890433525666892,-0.006823998193112746,0.03951651548009996,1.0,False
1,0,15546,6839,0.0,0.43992023671684033,0.0,0.0,1.0,6336,24,55,1,,INSUFFICIENT_FOR_GATE,BOOM500,CANDLE_COMPRESSION,final_test,1.5,30,0.0,0.7934506856227626,0.0,0.0,0.4270408163265306,0.45297628779115745,0.0,0.0,-0.4540334029419952,-0.4284214891629497,1.0,False
452,200,15546,6839,0.4424778761061947,0.43992023671684033,1.0058138707335726,0.029244041526538967,0.4533,9999,24,55,55,11.0,ADEQUATE_FOR_RESEARCH_GATE,BOOM500,CANDLE_STRUCTURE,final_test,1.5,30,0.39736496542949823,0.48856028556779146,0.3983393790721748,0.48672858757943155,0.4270408163265306,0.45297628779115745,0.9155787092764581,1.0941730528348543,-0.036899780879219975,0.041796327945876954,1.0,False
646,316,15546,6839,0.4891640866873065,0.43992023671684033,1.1119381330078764,0.04620558561193157,0.0034,9999,24,55,55,9.0,ADEQUATE_FOR_RESEARCH_GATE,BOOM500,SR_ALIGNMENT,final_test,1.5,30,0.45079437249165544,0.5276619112526802,0.4495094354454385,0.5287751226223232,0.4270408163265306,0.45297628779115745,1.0286876990087275,1.193736152515498,0.012555308798151747,0.08550502344019162,1.0,False
576,277,15546,6839,0.4809027777777778,0.43992023671684033,1.093159026660818,0.04050299751425647,0.009,9999,24,55,55,11.0,ADEQUATE_FOR_RESEARCH_GATE,BOOM500,ATR_BB_COMPRESSION,final_test,1.5,30,0.44036169599676833,0.5216968983563424,0.4420269837456962,0.5188842618455132,0.4270408163265306,0.45297628779115745,1.01299966983622,1.1695312991616913,0.005676721293927234,0.07466733416196139,1.0,False
49,23,15546,6839,0.46938775510204084,0.43992023671684033,1.0669837755251246,0.0033630647755519814,0.3382,9999,24,55,35,8.0,INSUFFICIENT_FOR_GATE,BOOM500,CRT_ATR,final_test,1.5,30,0.33703503693175146,0.6061913601633808,0.3170089858793325,0.6190476190476191,0.4270408163265306,0.45297628779115745,0.7265032478773193,1.3951005263881235,-0.11891753384433479,0.17551970376393233,1.0,False
125,55,15546,6839,0.44,0.43992023671684033,1.0001813130574646,0.008042111419798216,0.4921,9999,24,55,53,8.0,INSUFFICIENT_FOR_GATE,BOOM500,CRT_BB,final_test,1.5,30,0.3560584549578599,0.5275193922871394,0.3492063492063492,0.5345028067361665,0.4270408163265306,0.45297628779115745,0.8087094720006105,1.1967741593238275,-0.08239415583807375,0.08765533780896334,1.0,False
0,0,15546,6839,,0.43992023671684033,,0.0,1.0,0,24,55,0,,INSUFFICIENT_FOR_GATE,BOOM500,CRT_CANDLE_COMPRESSION,final_test,1.5,30,,,,,0.4270408163265306,0.45297628779115745,,,,,1.0,False
30,16,15546,6839,0.5333333333333333,0.43992023671684033,1.2123409855241996,0.0023395233221231173,0.1075,9999,24,55,24,8.0,INSUFFICIENT_FOR_GATE,BOOM500,CRT_CANDLE_STRUCTURE,final_test,1.5,30,0.36142299619873297,0.6976761109230025,0.3870967741935484,0.6896551724137931,0.4270408163265306,0.45297628779115745,0.8860662205253631,1.5545955562282776,-0.049783636783158385,0.24650196484333847,1.0,False
14,8,15546,6839,0.5714285714285714,0.43992023671684033,1.2989367702044994,0.0011697616610615586,0.1613,9999,24,55,14,10.0,INSUFFICIENT_FOR_GATE,BOOM500,CRT_SR,final_test,1.5,30,0.3259064457965074,0.7861920109552588,0.3,0.8333333333333334,0.4270408163265306,0.45297628779115745,0.6708449672020897,1.8821374628694059,-0.14467620116048147,0.3884481960667415,1.0,False
229,23,15546,1339,0.10043668122270742,0.08613148076675672,1.1660856208276398,0.01717699775952203,0.2415,9999,24,55,55,3.0,INSUFFICIENT_FOR_GATE,BOOM500,CRT,final_test,2.0,5,0.06786177855295064,0.14619571392769856,0.06086956521739131,0.1436102564102561,0.08296192537883611,0.08926277934754688,0.7144286754002911,1.6529601876781752,-0.024348089053851753,0.05687119350891917,1.0,False
110,8,15546,1339,0.07272727272727272,0.08613148076675672,0.8443750424332948,0.00597460791635549,1.0,9999,24,55,50,3.0,INSUFFICIENT_FOR_GATE,BOOM500,CRT_MSS,final_test,2.0,5,0.03731042070659471,0.13697985127547282,0.02727272727272727,0.125,0.08296192537883611,0.08926277934754688,0.3152883021322211,1.4545643061024596,-0.059117106486530145,0.038968033915471,1.0,False
158,12,15546,1339,0.0759493670886076,0.08613148076675672,0.8817840633005928,0.008961911874533234,1.0,9999,24,55,53,3.5,INSUFFICIENT_FOR_GATE,BOOM500,CRT_DISPLACEMENT,final_test,2.0,5,0.04397745222183943,0.12805176095733722,0.038461538461538464,0.11612903225806452,0.08296192537883611,0.08926277934754688,0.4482851830518203,1.338341811682212,-0.047496567724701025,0.029540236104378323,1.0,False
97,8,15546,1339,0.08247422680412371,0.08613148076675672,0.9575387079140457,0.00597460791635549,1.0,9999,24,55,48,3.0,INSUFFICIENT_FOR_GATE,BOOM500,CRT_MSS_DISPLACEMENT,final_test,2.0,5,0.0423827044635702,0.154376238264283,0.030612244897959183,0.14285714285714285,0.08296192537883611,0.08926277934754688,0.3556292575138465,1.6693594905878362,-0.05570591733048656,0.05729904616568178,1.0,False
31,1,15546,1339,0.03225806451612903,0.08613148076675672,0.3745211881760582,0.0007468259895444362,1.0,9999,24,55,21,2.0,INSUFFICIENT_FOR_GATE,BOOM500,CRT_MSS_DISPLACEMENT_FVG,final_test,2.0,5,0.005717221525416816,0.16194105164724906,0.0,0.1111111111111111,0.08296192537883611,0.08926277934754688,0.0,1.2982733782361022,-0.0884574609064405,0.025489679593462197,1.0,False
1318,115,15546,1339,0.08725341426403642,0.08613148076675672,1.013025823860127,0.08588498879761015,0.438,9999,24,55,55,3.0,ADEQUATE_FOR_RESEARCH_GATE,BOOM500,ATR_COMPRESSION,final_test,2.0,5,0.07319235465887348,0.10371347414552808,0.07244212098581031,0.1028974537297216,0.08296192537883611,0.08926277934754688,0.8414789638288219,1.1944109469782136,-0.013722842905286426,0.016678758955828318,1.0,False
1141,104,15546,1339,0.09114811568799298,0.08613148076675672,1.0582439182117542,0.07766990291262135,0.2508,9999,24,55,55,3.0,ADEQUATE_FOR_RESEARCH_GATE,BOOM500,BB_SQUEEZE,final_test,2.0,5,0.07579133878116025,0.10924865709644611,0.07630842595409876,0.1061521944964251,0.08296192537883611,0.08926277934754688,0.8903853168229178,1.2249134564202326,-0.009437075443774758,0.01946906865197328,1.0,False
1,0,15546,1339,0.0,0.08613148076675672,0.0,0.0,1.0,6336,24,55,1,,INSUFFICIENT_FOR_GATE,BOOM500,CANDLE_COMPRESSION,final_test,2.0,5,0.0,0.7934506856227626,0.0,0.0,0.08296192537883611,0.08926277934754688,0.0,0.0,-0.0892745671633206,-0.08297037223732287,1.0,False
452,35,15546,1339,0.07743362831858407,0.08613148076675672,0.8990165689624405,0.026138909634055265,1.0,9999,24,55,55,2.0,ADEQUATE_FOR_RESEARCH_GATE,BOOM500,CANDLE_STRUCTURE,final_test,2.0,5,0.056201544078696736,0.10578779978600814,0.056559118630729883,0.09954801185280102,0.08296192537883611,0.08926277934754688,0.656412914140849,1.1587316725203967,-0.02964811796710558,0.013545537867965442,1.0,False
646,68,15546,1339,0.10526315789473684,0.08613148076675672,1.2221217719429267,0.05078416728902166,0.0771,9999,24,55,55,3.0,ADEQUATE_FOR_RESEARCH_GATE,BOOM500,SR_ALIGNMENT,final_test,2.0,5,0.08388593955693095,0.13130725398672616,0.0801786292888629,0.13219657582552707,0.08296192537883611,0.08926277934754688,0.9338789205217138,1.5224277909571995,-0.005628850261856536,0.04516736702786113,1.0,False
576,55,15546,1339,0.0954861111111111,0.08613148076675672,1.1086087254169779,0.041075429424943986,0.21,9999,24,55,55,3.0,ADEQUATE_FOR_RESEARCH_GATE,BOOM500,ATR_BB_COMPRESSION,final_test,2.0,5,0.07409581865896021,0.12223622536602145,0.0729149011299435,0.1183343339050886,0.08296192537883611,0.08926277934754688,0.8486615700322924,1.3716226004293173,-0.012973311096653528,0.03198897164771494,1.0,False
49,5,15546,1339,0.10204081632653061,0.08613148076675672,1.184709880965082,0.0037341299477221808,0.3444,9999,24,55,35,4.0,INSUFFICIENT_FOR_GATE,BOOM500,CRT_ATR,final_test,2.0,5,0.04437954674476266,0.21756361549195893,0.019230769230769232,0.21153846153846154,0.08296192537883611,0.08926277934754688,0.22389043032169986,2.4424707010738134,-0.06694211423601652,0.12487075371715957,1.0,False
125,10,15546,1339,0.08,0.08613148076675672,0.9288125466766244,0.0074682598954443615,1.0,9999,24,55,53,3.0,INSUFFICIENT_FOR_GATE,BOOM500,CRT_BB,final_test,2.0,5,0.04403303232758284,0.1410118983874114,0.038461538461538464,0.12605042016806722,0.08296192537883611,0.08926277934754688,0.44980612181248064,1.4526193346207603,-0.04716921686226544,0.039312663217116364,1.0,False
0,0,15546,1339,,0.08613148076675672,,0.0,1.0,0,24,55,0,,INSUFFICIENT_FOR_GATE,BOOM500,CRT_CANDLE_COMPRESSION,final_test,2.0,5,,,,,0.08296192537883611,0.08926277934754688,,,,,1.0,False
30,4,15546,1339,0.13333333333333333,0.08613148076675672,1.5480209111277072,0.002987303958177745,0.22,9999,24,55,24,3.0,INSUFFICIENT_FOR_GATE,BOOM500,CRT_CANDLE_STRUCTURE,final_test,2.0,5,0.053096554840547455,0.296813266820363,0.029411764705882353,0.2727272727272727,0.08296192537883611,0.08926277934754688,0.33834218705962,3.1399420351422074,-0.05704399974409141,0.1847510071072738,1.0,False
14,2,15546,1339,0.14285714285714285,0.08613148076675672,1.6585938333511148,0.0014936519790888724,0.2615,9999,24,55,14,3.5,INSUFFICIENT_FOR_GATE,BOOM500,CRT_SR,final_test,2.0,5,0.040093921271464966,0.39941379496970353,0.0,0.35714285714285715,0.08296192537883611,0.08926277934754688,0.0,4.050519591430641,-0.08722839964291777,0.26789926354900895,1.0,False
229,43,15546,2474,0.18777292576419213,0.15914061494918308,1.1799183120170293,0.017380759902991108,0.1142,9999,24,55,55,5.0,ADEQUATE_FOR_RESEARCH_GATE,BOOM500,CRT,final_test,2.0,10,0.14249850094017658,0.24334970356656022,0.14096916299559473,0.2361111111111111,0.15446428571428572,0.16365649791638226,0.8906117491503779,1.4738155354526923,-0.017289380892875714,0.07543705596545013,1.0,False
110,15,15546,2474,0.13636363636363635,0.15914061494918308,0.8568751377967222,0.006063055780113177,1.0,9999,24,55,50,5.0,INSUFFICIENT_FOR_GATE,BOOM500,CRT_MSS,final_test,2.0,10,0.08441156444990071,0.21285675213058225,0.07079199070349512,0.2066115702479339,0.15446428571428572,0.16365649791638226,0.4430161194619315,1.2996430927196057,-0.0883521149159686,0.047489979702075906,1.0,False
158,28,15546,2474,0.17721518987341772,0.15914061494918308,1.1135761284446855,0.01131770412287793,0.2791,9999,24,55,53,6.5,INSUFFICIENT_FOR_GATE,BOOM500,CRT_DISPLACEMENT,final_test,2.0,10,0.12555026627158597,0.24420331390957836,0.11564625850340136,0.24001298701298682,0.15446428571428572,0.16365649791638226,0.7306360814227518,1.502955444431983,-0.04281695755731037,0.08020365833179889,1.0,False
97,14,15546,2474,0.14432989690721648,0.15914061494918308,0.9069331355374242,0.005658852061438965,1.0,9999,24,55,48,5.0,INSUFFICIENT_FOR_GATE,BOOM500,CRT_MSS_DISPLACEMENT,final_test,2.0,10,0.08796356947511697,0.22779404840416534,0.07142857142857142,0.22,0.15446428571428572,0.16365649791638226,0.45041682639855,1.3832831143396014,-0.08748541217216958,0.061053404638459464,1.0,False
31,3,15546,2474,0.0967741935483871,0.15914061494918308,0.6081049365008996,0.0012126111560226355,1.0,9999,24,55,21,6.0,INSUFFICIENT_FOR_GATE,BOOM500,CRT_MSS_DISPLACEMENT_FVG,final_test,2.0,10,0.033464644163197374,0.24899938443392833,0.0,0.20689655172413793,0.15446428571428572,0.16365649791638226,0.0,1.3141849736250466,-0.15937614579313006,0.049651396113164055,1.0,False
1318,208,15546,2474,0.15781487101669195,0.15914061494918308,0.9916693552245323,0.08407437348423606,1.0,9999,24,55,55,5.0,ADEQUATE_FOR_RESEARCH_GATE,BOOM500,ATR_COMPRESSION,final_test,2.0,10,0.13913083654543076,0.17848778255527717,0.13948161722308713,0.17625093353248694,0.15446428571428572,0.16365649791638226,0.8770508913895987,1.1083550355101337,-0.01980014994661803,0.017220764090597314,1.0,False
1141,199,15546,2474,0.17440841367221735,0.15914061494918308,1.0959390456541191,0.08043654001616815,0.0647,9999,24,55,55,5.0,ADEQUATE_FOR_RESEARCH_GATE,BOOM500,BB_SQUEEZE,final_test,2.0,10,0.15349307415810556,0.1975087660745434,0.15404255319148935,0.19526653125939128,0.15446428571428572,0.16365649791638226,0.9759987140631472,1.2173922315329462,-0.0037975523046945374,0.03479410122109542,1.0,False
1,0,15546,2474,0.0,0.15914061494918308,0.0,0.0,1.0,6336,24,55,1,,INSUFFICIENT_FOR_GATE,BOOM500,CANDLE_COMPRESSION,final_test,2.0,10,0.0,0.7934506856227626,0.0,0.0,0.15446428571428572,0.16365649791638226,0.0,0.0,-0.163761293776296,-0.15449678915865747,1.0,False
452,65,15546,2474,0.14380530973451328,0.15914061494918308,0.9036367603608502,0.026273241713823767,1.0,9999,24,55,55,5.0,ADEQUATE_FOR_RESEARCH_GATE,BOOM500,CANDLE_STRUCTURE,final_test,2.0,10,0.11445567557620687,0.1791583786762407,0.1164376441773702,0.1718377088305489,0.15446428571428572,0.16365649791638226,0.732828587936297,1.0781787884636518,-0.04267071057870035,0.012257466531091462,1.0,False
646,124,15546,2474,0.19195046439628483,0.15914061494918308,1.2061689246178835,0.050121261115602264,0.0204,9999,24,55,55,5.0,ADEQUATE_FOR_RESEARCH_GATE,BOOM500,SR_ALIGNMENT,final_test,2.0,10,0.16343660971258242,0.22410631387638916,0.16018662519440124,0.22492588551009032,0.15446428571428572,0.16365649791638226,1.0169453295049324,1.4014763626760707,0.0027022715584269297,0.0642251554293293,1.0,False
576,95,15546,2474,0.16493055555555555,0.15914061494918308,1.0363825451360817,0.03839935327405012,0.307,9999,24,55,55,5.0,ADEQUATE_FOR_RESEARCH_GATE,BOOM500,ATR_BB_COMPRESSION,final_test,2.0,10,0.1368620984636967,0.19743869336815503,0.14284515819750718,0.1875,0.15446428571428572,0.16365649791638226,0.9002069508050582,1.1763153312468548,-0.015970463579690026,0.027862933159283815,1.0,False
49,6,15546,2474,0.12244897959183673,0.15914061494918308,0.7694388992460363,0.002425222312045271,1.0,9999,24,55,35,4.0,INSUFFICIENT_FOR_GATE,BOOM500,CRT_ATR,final_test,2.0,10,0.05734825790240154,0.2424439729375651,0.02702702702702703,0.23404255319148937,0.15446428571428572,0.16365649791638226,0.17135048670793154,1.4619447656503664,-0.13090338411997102,0.07401847509545363,1.0,False
125,24,15546,2474,0.192,0.15914061494918308,1.206480194017785,0.009700889248181084,0.1397,9999,24,55,53,7.0,INSUFFICIENT_FOR_GATE,BOOM500,CRT_BB,final_test,2.0,10,0.13255536990263544,0.26981091262169365,0.1322314049586777,0.25396825396825395,0.15446428571428572,0.16365649791638226,0.8364768439742661,1.5920264897837066,-0.02594987556483251,0.0944392271122756,1.0,False
0,0,15546,2474,,0.15914061494918308,,0.0,1.0,0,24,55,0,,INSUFFICIENT_FOR_GATE,BOOM500,CRT_CANDLE_COMPRESSION,final_test,2.0,10,,,,,0.15446428571428572,0.16365649791638226,,,,,1.0,False
30,8,15546,2474,0.26666666666666666,0.15914061494918308,1.6756669361358123,0.0032336297493936943,0.0584,9999,24,55,24,5.0,INSUFFICIENT_FOR_GATE,BOOM500,CRT_CANDLE_STRUCTURE,final_test,2.0,10,0.14182663319596317,0.4444796169518888,0.13157894736842105,0.4,0.15446428571428572,0.16365649791638226,0.8298611355280728,2.5445466233590457,-0.027122732149839793,0.24430092811301313,1.0,False
14,3,15546,2474,0.21428571428571427,0.15914061494918308,1.3465180736805633,0.0012126111560226355,0.2896,9999,24,55,14,4.0,INSUFFICIENT_FOR_GATE,BOOM500,CRT_SR,final_test,2.0,10,0.07571386712693184,0.47589230586600295,0.0,0.45454545454545453,0.15446428571428572,0.16365649791638226,0.0,2.847682813614568,-0.15849736266563746,0.295802512475181,1.0,False
229,59,15546,3455,0.2576419213973799,0.22224366396500708,1.1592767901718286,0.0170767004341534,0.0928,9999,24,55,55,7.0,ADEQUATE_FOR_RESEARCH_GATE,BOOM500,CRT,final_test,2.0,15,0.2053245750384519,0.317956199089155,0.20408163265306123,0.31223712079518356,0.21502723529891654,0.2292929292929293,0.9264357415107856,1.3924521709022466,-0.016161787073258892,0.08801305088516748,1.0,False
110,22,15546,3455,0.2,0.22224366396500708,0.8999131693198263,0.006367583212735167,1.0,9999,24,55,50,10.0,INSUFFICIENT_FOR_GATE,BOOM500,CRT_MSS,final_test,2.0,15,0.13595102656280073,0.28429533461609774,0.12726502311248072,0.2750114678899081,0.21502723529891654,0.2292929292929293,0.5713014920788724,1.2306573882955172,-0.09541319457864461,0.05097009027812564,1.0,False
158,38,15546,3455,0.24050632911392406,0.22224366396500708,1.082174064371943,0.010998552821997106,0.2802,9999,24,55,53,7.0,INSUFFICIENT_FOR_GATE,BOOM500,CRT_DISPLACEMENT,final_test,2.0,15,0.18053233679427214,0.3127989727631345,0.17687074829931973,0.3037974683544304,0.21502723529891654,0.2292929292929293,0.7996143639373161,1.361734190052053,-0.043951889755052785,0.08065470103096578,1.0,False
97,21,15546,3455,0.21649484536082475,0.22224366396500708,0.9741328121503275,0.006078147612156295,1.0,9999,24,55,48,10.0,INSUFFICIENT_FOR_GATE,BOOM500,CRT_MSS_DISPLACEMENT,final_test,2.0,15,0.14618778380932268,0.308401621746627,0.13580246913580246,0.2980769230769231,0.21502723529891654,0.2292929292929293,0.6095641996504721,1.3406242211317099,-0.08673888368776225,0.0756925372118483,1.0,False
31,6,15546,3455,0.1935483870967742,0.22224366396500708,0.8708837122449932,0.0017366136034732273,1.0,9999,24,55,21,8.5,INSUFFICIENT_FOR_GATE,BOOM500,CRT_MSS_DISPLACEMENT_FVG,final_test,2.0,15,0.09187008361586096,0.36280257811795463,0.047619047619047616,0.36,0.21502723529891654,0.2292929292929293,0.21240112673860295,1.6334533160411155,-0.17552539759979668,0.13967795156684334,1.0,False
1318,301,15546,3455,0.2283763277693475,0.22224366396500708,1.0275943246026848,0.08712011577424023,0.2725,9999,24,55,55,7.0,ADEQUATE_FOR_RESEARCH_GATE,BOOM500,ATR_COMPRESSION,final_test,2.0,15,0.20652182858642876,0.2518095808105856,0.2078903331120873,0.24906268388658503,0.21502723529891654,0.2292929292929293,0.9373871297776714,1.1186895392433251,-0.013900571750366688,0.02626102700105731,1.0,False
1141,272,15546,3455,0.23838737949167396,0.22224366396500708,1.0726397110210024,0.07872648335745297,0.0489,9999,24,55,55,7.0,ADEQUATE_FOR_RESEARCH_GATE,BOOM500,BB_SQUEEZE,final_test,2.0,15,0.21456738858821928,0.26396302678040984,0.21795820992487472,0.25972967010044606,0.21502723529891654,0.2292929292929293,0.9881747158361082,1.1568379065334207,-0.0025984621032418193,0.035150481632855876,1.0,False
1,0,15546,3455,0.0,0.22224366396500708,0.0,0.0,1.0,6336,24,55,1,,INSUFFICIENT_FOR_GATE,BOOM500,CANDLE_COMPRESSION,final_test,2.0,15,0.0,0.7934506856227626,0.0,0.0,0.21502723529891654,0.2292929292929293,0.0,0.0,-0.22943109696638686,-0.21526901347538074,1.0,False
452,98,15546,3455,0.2168141592920354,0.22224366396500708,0.9755695862095463,0.028364688856729377,1.0,9999,24,55,55,7.0,ADEQUATE_FOR_RESEARCH_GATE,BOOM500,CANDLE_STRUCTURE,final_test,2.0,15,0.18129706456616546,0.2571041711127991,0.1826086956521739,0.25279642058165547,0.21502723529891654,0.2292929292929293,0.8245221945444179,1.131059072970143,-0.03893988930994106,0.029352187628347765,1.0,False
646,166,15546,3455,0.25696594427244585,0.22224366396500708,1.156235186587393,0.048046309696092616,0.018,9999,24,55,55,6.5,ADEQUATE_FOR_RESEARCH_GATE,BOOM500,SR_ALIGNMENT,final_test,2.0,15,0.224775987221729,0.29202923390122854,0.22239240912004393,0.2918770395335152,0.21502723529891654,0.2292929292929293,1.011666230050622,1.3005312570506462,0.002573331243867969,0.06713117585638863,1.0,False
576,137,15546,3455,0.2378472222222222,0.22224366396500708,1.070209237819585,0.039652677279305354,0.1696,9999,24,55,55,7.0,ADEQUATE_FOR_RESEARCH_GATE,BOOM500,ATR_BB_COMPRESSION,final_test,2.0,15,0.20488568600694693,0.2742822910221184,0.20545313601127554,0.2737916747438683,0.21502723529891654,0.2292929292929293,0.9312510950064601,1.2233255459477186,-0.015200762512441643,0.04977047831897392,1.0,False
49,12,15546,3455,0.24489795918367346,0.22224366396500708,1.1019344930446853,0.0034732272069464545,0.3462,9999,24,55,35,10.5,INSUFFICIENT_FOR_GATE,BOOM500,CRT_ATR,final_test,2.0,15,0.14602345258339752,0.3808631898760393,0.12195121951219512,0.375,0.21502723529891654,0.2292929292929293,0.5497835130652794,1.685303433542148,-0.09988586739635642,0.15265626601127358,1.0,False
125,32,15546,3455,0.256,0.22224366396500708,1.1518888567293777,0.009261939218523878,0.1592,9999,24,55,53,7.0,INSUFFICIENT_FOR_GATE,BOOM500,CRT_BB,final_test,2.0,15,0.18756706920350186,0.33898284292616154,0.18879685887882608,0.3252032520325203,0.21502723529891654,0.2292929292929293,0.8574317658912616,1.457638675357159,-0.031570389489393454,0.10206171357008792,1.0,False
0,0,15546,3455,,0.22224366396500708,,0.0,1.0,0,24,55,0,,INSUFFICIENT_FOR_GATE,BOOM500,CRT_CANDLE_COMPRESSION,final_test,2.0,15,,,,,0.21502723529891654,0.2292929292929293,,,,,1.0,False
30,11,15546,3455,0.36666666666666664,0.22224366396500708,1.6498408104196816,0.0031837916063675834,0.0335,9999,24,55,24,7.0,INSUFFICIENT_FOR_GATE,BOOM500,CRT_CANDLE_STRUCTURE,final_test,2.0,15,0.21873920806100708,0.5448643634520511,0.21739130434782608,0.52,0.21502723529891654,0.2292929292929293,0.9724918732094636,2.3466345882241804,-0.006113652501922764,0.2985958859156431,1.0,False
14,6,15546,3455,0.42857142857142855,0.22224366396500708,1.928385362828199,0.0017366136034732273,0.0624,9999,24,55,14,9.5,INSUFFICIENT_FOR_GATE,BOOM500,CRT_SR,final_test,2.0,15,0.21380798904474121,0.6740935542034926,0.16666666666666666,0.7,0.21502723529891654,0.2292929292929293,0.7443085591380658,3.1298055278454338,-0.05700445380088184,0.47396005656592644,1.0,False
229,80,15546,5476,0.34934497816593885,0.35224495046957416,0.9917671713965824,0.014609203798392988,1.0,9999,24,55,55,9.5,ADEQUATE_FOR_RESEARCH_GATE,BOOM500,CRT,final_test,2.0,30,0.29054214900843883,0.41311887274656006,0.2880658436213992,0.411522633744856,0.3405609155889087,0.36393254452252854,0.8238062241624985,1.1583438310286833,-0.06172619047619049,0.05604487716277416,1.0,False
110,37,15546,5476,0.33636363636363636,0.35224495046957416,0.9549140049140049,0.006756756756756757,1.0,9999,24,55,50,13.0,INSUFFICIENT_FOR_GATE,BOOM500,CRT_MSS,final_test,2.0,30,0.2549203393736219,0.42885040308759537,0.2471844018506279,0.42452830188679247,0.3405609155889087,0.36393254452252854,0.7016211673030108,1.2091485304522662,-0.10520459514836614,0.07296830532768933,1.0,False
158,56,15546,5476,0.35443037974683544,0.35224495046957416,1.006204288448558,0.010226442658875092,0.4735,9999,24,55,53,10.5,INSUFFICIENT_FOR_GATE,BOOM500,CRT_DISPLACEMENT,final_test,2.0,30,0.2841092845712306,0.43166193786341217,0.27464098315382496,0.4347948906902479,0.3405609155889087,0.36393254452252854,0.7823734863953352,1.2320837471982238,-0.07635298891473564,0.08170809067175153,1.0,False
97,33,15546,5476,0.3402061855670103,0.35224495046957416,0.9658227466809245,0.006026296566837107,1.0,9999,24,55,48,13.0,INSUFFICIENT_FOR_GATE,BOOM500,CRT_MSS_DISPLACEMENT,final_test,2.0,30,0.2536226228036932,0.43896413305511484,0.25,0.43103448275862066,0.3405609155889087,0.36393254452252854,0.7155048403188806,1.2211659558572252,-0.10012662888478764,0.07789786110705217,1.0,False
31,9,15546,5476,0.2903225806451613,0.35224495046957416,0.8242065081646599,0.001643535427319211,1.0,9999,24,55,21,12.0,INSUFFICIENT_FOR_GATE,BOOM500,CRT_MSS_DISPLACEMENT_FVG,final_test,2.0,30,0.1609580015630062,0.46592329330749926,0.12903225806451613,0.4782608695652174,0.3405609155889087,0.36393254452252854,0.36663299837160995,1.3580873274890708,-0.2235377015726869,0.12536236680753993,1.0,False
1318,474,15546,5476,0.3596358118361153,0.35224495046957416,1.0209821641351806,0.08655953250547845,0.202,9999,24,55,55,12.0,ADEQUATE_FOR_RESEARCH_GATE,BOOM500,ATR_COMPRESSION,final_test,2.0,30,0.3341700996127273,0.3859173605505343,0.3386204086360458,0.3805970149253731,0.3405609155889087,0.36393254452252854,0.9717054424427013,1.068869277341017,-0.009931418041785581,0.024347237845020634,1.0,False
1141,415,15546,5476,0.3637160385626643,0.35224495046957416,1.0325656565915229,0.07578524470416362,0.1627,9999,24,55,55,11.0,ADEQUATE_FOR_RESEARCH_GATE,BOOM500,BB_SQUEEZE,final_test,2.0,30,0.3363030996328173,0.39204356565971815,0.337117903930131,0.3896813441842715,0.3405609155889087,0.36393254452252854,0.9664643812043795,1.0967396907344766,-0.01181270609286231,0.034283249254251615,1.0,False
1,0,15546,5476,0.0,0.35224495046957416,0.0,0.0,1.0,6336,24,55,1,,INSUFFICIENT_FOR_GATE,BOOM500,CANDLE_COMPRESSION,final_test,2.0,30,0.0,0.7934506856227626,0.0,0.0,0.3405609155889087,0.36393254452252854,0.0,0.0,-0.3645582311573917,-0.3415772504416614,1.0,False
452,155,15546,5476,0.34292035398230086,0.35224495046957416,0.9735280903960645,0.028305332359386412,1.0,9999,24,55,55,12.0,ADEQUATE_FOR_RESEARCH_GATE,BOOM500,CANDLE_STRUCTURE,final_test,2.0,30,0.30064804575167264,0.38784013966400294,0.30526315789473685,0.3811664468477974,0.3405609155889087,0.36393254452252854,0.8725164140520971,1.0770945490938038,-0.04466640237007705,0.027212122380884503,1.0,False
646,252,15546,5476,0.39009287925696595,0.35224495046957416,1.1074477540045276,0.04601899196493791,0.0202,9999,24,55,55,11.0,ADEQUATE_FOR_RESEARCH_GATE,BOOM500,SR_ALIGNMENT,final_test,2.0,30,0.35323445213173704,0.4282507115608107,0.3508968952734013,0.42967542503863987,0.3405609155889087,0.36393254452252854,1.006226335095206,1.2089184387249279,0.002154408176853107,0.07375351793566794,1.0,False
576,219,15546,5476,0.3802083333333333,0.35224495046957416,1.0793861851716582,0.039992695398100804,0.0746,9999,24,55,55,12.0,ADEQUATE_FOR_RESEARCH_GATE,BOOM500,ATR_BB_COMPRESSION,final_test,2.0,30,0.34148215594229187,0.42052175409085707,0.3392210623063213,0.4201283501952432,0.3405609155889087,0.36393254452252854,0.9694260687171047,1.1892723480300702,-0.01066597176827148,0.06669847928632065,1.0,False
49,16,15546,5476,0.32653061224489793,0.35224495046957416,0.926998703060479,0.0029218407596785976,1.0,9999,24,55,35,13.0,INSUFFICIENT_FOR_GATE,BOOM500,CRT_ATR,final_test,2.0,30,0.21207497001811865,0.4662079468542984,0.18867924528301888,0.46296296296296297,0.3405609155889087,0.36393254452252854,0.5374164988080689,1.307903761053729,-0.16245216844396695,0.10912161274408676,1.0,False
125,43,15546,5476,0.344,0.35224495046957416,0.9765931336742147,0.007852447041636231,1.0,9999,24,55,53,9.0,INSUFFICIENT_FOR_GATE,BOOM500,CRT_BB,final_test,2.0,30,0.26649345874970826,0.4308089440872896,0.26982746721877154,0.4198473282442748,0.3405609155889087,0.36393254452252854,0.7750267220437707,1.1811832810489806,-0.07882290886246539,0.06393800100449536,1.0,False
0,0,15546,5476,,0.35224495046957416,,0.0,1.0,0,24,55,0,,INSUFFICIENT_FOR_GATE,BOOM500,CRT_CANDLE_COMPRESSION,final_test,2.0,30,,,,,0.3405609155889087,0.36393254452252854,,,,,1.0,False
30,11,15546,5476,0.36666666666666664,0.35224495046957416,1.0409422936449964,0.0020087655222790356,0.4191,9999,24,55,24,7.0,INSUFFICIENT_FOR_GATE,BOOM500,CRT_CANDLE_STRUCTURE,final_test,2.0,30,0.21873920806100708,0.5448643634520511,0.21739130434782608,0.52,0.3405609155889087,0.36393254452252854,0.6138955353360098,1.4794378430885453,-0.13651884568150294,0.16876776738096508,1.0,False
14,7,15546,5476,0.5,0.35224495046957416,1.4194667640613587,0.0012783053323593865,0.1341,9999,24,55,14,12.0,INSUFFICIENT_FOR_GATE,BOOM500,CRT_SR,final_test,2.0,30,0.26799202452413634,0.7320079754758637,0.23076923076923078,0.7692307692307693,0.3405609155889087,0.36393254452252854,0.6533284302212351,2.1769390463077842,-0.12171730217828193,0.4168741101370007,1.0,False
229,8,15546,500,0.034934497816593885,0.03216261417728033,1.0861834061135371,0.016,0.3932,9999,24,55,55,3.0,INSUFFICIENT_FOR_GATE,BOOM500,CRT,final_test,3.0,5,0.017806190303379075,0.06740826815770443,0.013043478260869565,0.061611374407582936,0.029735779992276407,0.03463644467082644,0.40660670182790115,1.9047139512547548,-0.019133502299337406,0.029158452343440507,1.0,False
110,3,15546,500,0.02727272727272727,0.03216261417728033,0.8479636363636364,0.006,1.0,9999,24,55,50,3.0,INSUFFICIENT_FOR_GATE,BOOM500,CRT_MSS,final_test,3.0,5,0.009317969857872282,0.07713084169675567,0.0,0.0603448275862069,0.029735779992276407,0.03463644467082644,0.0,1.8762937581321562,-0.03162878787878788,0.028304622982284894,1.0,False
158,4,15546,500,0.02531645569620253,0.03216261417728033,0.7871392405063291,0.008,1.0,9999,24,55,53,2.5,INSUFFICIENT_FOR_GATE,BOOM500,CRT_DISPLACEMENT,final_test,3.0,5,0.009888130672089199,0.0632788990060936,0.0,0.057803468208092484,0.029735779992276407,0.03463644467082644,0.0,1.7706500720696663,-0.031338945101187295,0.025040880737868,1.0,False
97,3,15546,500,0.030927835051546393,0.03216261417728033,0.9616082474226805,0.006,1.0,9999,24,55,48,3.0,INSUFFICIENT_FOR_GATE,BOOM500,CRT_MSS_DISPLACEMENT,final_test,3.0,5,0.01057334494855243,0.08702003515310984,0.0,0.06896551724137931,0.029735779992276407,0.03463644467082644,0.0,2.1572347364937916,-0.03162878787878788,0.03699624530385117,1.0,False
31,0,15546,500,0.0,0.03216261417728033,0.0,0.0,1.0,9999,24,55,21,,INSUFFICIENT_FOR_GATE,BOOM500,CRT_MSS_DISPLACEMENT_FVG,final_test,3.0,5,0.0,0.11025539546043596,0.0,0.0,0.029735779992276407,0.03463644467082644,0.0,0.0,-0.03463644467082644,-0.029735779992276407,1.0,False
1318,48,15546,500,0.036418816388467376,0.03216261417728033,1.1323338391502278,0.096,0.1823,9999,24,55,55,3.0,ADEQUATE_FOR_RESEARCH_GATE,BOOM500,ATR_COMPRESSION,final_test,3.0,5,0.027577880466314552,0.04795421769451147,0.02690565725571568,0.04623824451410658,0.029735779992276407,0.03463644467082644,0.8499884664849623,1.4301219443576203,-0.004841536852010754,0.013816820749852465,1.0,False
1141,33,15546,500,0.028921998247151623,0.03216261417728033,0.8992427695004382,0.066,1.0,9999,24,55,55,4.0,ADEQUATE_FOR_RESEARCH_GATE,BOOM500,BB_SQUEEZE,final_test,3.0,5,0.020667124053087436,0.04033823025390813,0.020535714285714286,0.03773584905660377,0.029735779992276407,0.03463644467082644,0.6559844047924559,1.145235698407775,-0.01095568654562848,0.00470134136535919,1.0,False
1,0,15546,500,0.0,0.03216261417728033,0.0,0.0,1.0,6336,24,55,1,,INSUFFICIENT_FOR_GATE,BOOM500,CANDLE_COMPRESSION,final_test,3.0,5,0.0,0.7934506856227626,0.0,0.0,0.029735779992276407,0.03463644467082644,0.0,0.0,-0.03447742875652337,-0.029731830547998446,1.0,False
452,16,15546,500,0.035398230088495575,0.03216261417728033,1.1006017699115045,0.032,0.3395,9999,24,55,55,4.0,INSUFFICIENT_FOR_GATE,BOOM500,CANDLE_STRUCTURE,final_test,3.0,5,0.02190440072330142,0.05672262656249974,0.019734682713347922,0.052742616033755275,0.029735779992276407,0.03463644467082644,0.619675281058831,1.6426015940694172,-0.012243336301761231,0.02045263335846387,1.0,False
646,19,15546,500,0.029411764705882353,0.03216261417728033,0.9144705882352941,0.038,1.0,9999,24,55,55,2.0,INSUFFICIENT_FOR_GATE,BOOM500,SR_ALIGNMENT,final_test,3.0,5,0.018908674549229156,0.045478505204777774,0.01597444089456869,0.04461538461538461,0.029735779992276407,0.03463644467082644,0.5080161241094782,1.3660848153797809,-0.015478214608037775,0.011957058571712167,1.0,False
576,18,15546,500,0.03125,0.03216261417728033,0.9716250000000001,0.036,1.0,9999,24,55,55,2.5,INSUFFICIENT_FOR_GATE,BOOM500,ATR_BB_COMPRESSION,final_test,3.0,5,0.01985699403813112,0.04885395826549572,0.017361111111111112,0.04646856144706281,0.029735779992276407,0.03463644467082644,0.551519483918664,1.409229204706472,-0.014161725296095188,0.013441120540073953,1.0,False
49,1,15546,500,0.02040816326530612,0.03216261417728033,0.6345306122448979,0.002,1.0,9999,24,55,35,4.0,INSUFFICIENT_FOR_GATE,BOOM500,CRT_ATR,final_test,3.0,5,0.0036116725898252475,0.10693521523391616,0.0,0.06976744186046512,0.029735779992276407,0.03463644467082644,0.0,2.167212164923667,-0.0341091209481557,0.037303447904376015,1.0,False
125,4,15546,500,0.032,0.03216261417728033,0.994944,0.008,1.0,9999,24,55,53,4.5,INSUFFICIENT_FOR_GATE,BOOM500,CRT_BB,final_test,3.0,5,0.01251313913869348,0.07939406937230009,0.007751937984496124,0.06306306306306306,0.029735779992276407,0.03463644467082644,0.24105865375447516,1.9718350530777304,-0.025079516016319435,0.030879573366295456,1.0,False
0,0,15546,500,,0.03216261417728033,,0.0,1.0,0,24,55,0,,INSUFFICIENT_FOR_GATE,BOOM500,CRT_CANDLE_COMPRESSION,final_test,3.0,5,,,,,0.029735779992276407,0.03463644467082644,,,,,1.0,False
30,0,15546,500,0.0,0.03216261417728033,0.0,0.0,1.0,9999,24,55,24,,INSUFFICIENT_FOR_GATE,BOOM500,CRT_CANDLE_STRUCTURE,final_test,3.0,5,0.0,0.11351339317396876,0.0,0.0,0.029735779992276407,0.03463644467082644,0.0,0.0,-0.03463644467082644,-0.029735779992276407,1.0,False
14,1,15546,500,0.07142857142857142,0.03216261417728033,2.2208571428571426,0.002,0.2559,9999,24,55,14,4.0,INSUFFICIENT_FOR_GATE,BOOM500,CRT_SR,final_test,3.0,5,0.012722215247890939,0.31468704424151117,0.0,0.23809523809523808,0.029735779992276407,0.03463644467082644,0.0,7.497583952922041,-0.0341091209481557,0.2061264848410459,1.0,False
229,19,15546,1149,0.08296943231441048,0.0739096873793902,1.1225785855176895,0.016536118363794605,0.3072,9999,24,55,55,7.0,INSUFFICIENT_FOR_GATE,BOOM500,CRT,final_test,3.0,10,0.053757991454388365,0.12594135862104333,0.04784584980237154,0.12108302758526965,0.07018952173589618,0.07765151515151515,0.648610079492181,1.6419493560103675,-0.025951057768859087,0.047579822925246186,1.0,False
110,8,15546,1149,0.07272727272727272,0.0739096873793902,0.9840018988844053,0.006962576153176675,1.0,9999,24,55,50,6.5,INSUFFICIENT_FOR_GATE,BOOM500,CRT_MSS,final_test,3.0,10,0.03731042070659471,0.13697985127547282,0.026785714285714284,0.12612612612612611,0.07018952173589618,0.07765151515151515,0.3624972558851852,1.7032726605362318,-0.047372405988964666,0.05195255614713142,1.0,False
158,12,15546,1149,0.0759493670886076,0.0739096873793902,1.0275969197210562,0.010443864229765013,0.4516,9999,24,55,53,7.0,INSUFFICIENT_FOR_GATE,BOOM500,CRT_DISPLACEMENT,final_test,3.0,10,0.04397745222183943,0.12805176095733722,0.03164556962025317,0.12422360248447205,0.07018952173589618,0.07765151515151515,0.42856564086451804,1.6796127468537205,-0.04225878712558857,0.05044926642900999,1.0,False
97,8,15546,1149,0.08247422680412371,0.0739096873793902,1.1158784420338617,0.006962576153176675,0.3703,9999,24,55,48,6.5,INSUFFICIENT_FOR_GATE,BOOM500,CRT_MSS_DISPLACEMENT,final_test,3.0,10,0.0423827044635702,0.154376238264283,0.030303030303030304,0.14432989690721648,0.07018952173589618,0.07765151515151515,0.4085163030848499,1.9536784381535808,-0.04392856342766507,0.07066627902808022,1.0,False
31,1,15546,1149,0.03225806451612903,0.0739096873793902,0.4364524551503411,0.0008703220191470844,1.0,9999,24,55,21,6.0,INSUFFICIENT_FOR_GATE,BOOM500,CRT_MSS_DISPLACEMENT_FVG,final_test,3.0,10,0.005717221525416816,0.16194105164724906,0.0,0.10344827586206896,0.07018952173589618,0.07765151515151515,0.0,1.4103913311240612,-0.07670541512059369,0.030242325011629323,1.0,False
1318,105,15546,1149,0.07966616084977238,0.0739096873793902,1.0778852363538391,0.09138381201044386,0.204,9999,24,55,55,6.0,ADEQUATE_FOR_RESEARCH_GATE,BOOM500,ATR_COMPRESSION,final_test,3.0,10,0.06623953845899816,0.09553588278666078,0.06529992406985573,0.09375117216804199,0.07018952173589618,0.07765151515151515,0.8880489799499484,1.265931963970319,-0.008283126052565187,0.019534363899087127,1.0,False
1141,78,15546,1149,0.06836108676599474,0.0739096873793902,0.9249272888286808,0.06788511749347259,1.0,9999,24,55,55,6.0,ADEQUATE_FOR_RESEARCH_GATE,BOOM500,BB_SQUEEZE,final_test,3.0,10,0.05511932699254656,0.08449953253525866,0.056557156311622565,0.08077347447996051,0.07018952173589618,0.07765151515151515,0.7754923629357916,1.079866425674545,-0.016545346799081588,0.005957427593504043,1.0,False
1,0,15546,1149,0.0,0.0739096873793902,0.0,0.0,1.0,6336,24,55,1,,INSUFFICIENT_FOR_GATE,BOOM500,CANDLE_COMPRESSION,final_test,3.0,10,0.0,0.7934506856227626,0.0,0.0,0.07018952173589618,0.07765151515151515,0.0,0.0,-0.07748631096396282,-0.07011449890647112,1.0,False
452,33,15546,1149,0.07300884955752213,0.0739096873793902,0.9878116407495552,0.028720626631853787,1.0,9999,24,55,55,6.0,ADEQUATE_FOR_RESEARCH_GATE,BOOM500,CANDLE_STRUCTURE,final_test,3.0,10,0.05245583592479189,0.10075852724739681,0.05318780403911356,0.09367707009944233,0.07018952173589618,0.07765151515151515,0.7198240427258127,1.2738753063874682,-0.020816700868359652,0.020174690400409336,1.0,False
646,57,15546,1149,0.08823529411764706,0.0739096873793902,1.1938258332053449,0.04960835509138381,0.0735,9999,24,55,55,7.0,ADEQUATE_FOR_RESEARCH_GATE,BOOM500,SR_ALIGNMENT,final_test,3.0,10,0.06872641493115192,0.11261236735360416,0.06857923497267761,0.10890115721222333,0.07018952173589618,0.07765151515151515,0.939373225669357,1.4602435262660578,-0.004475615446228355,0.034061465756321165,1.0,False
576,42,15546,1149,0.07291666666666667,0.0739096873793902,0.9865644038294169,0.03655352480417755,1.0,9999,24,55,55,6.5,ADEQUATE_FOR_RESEARCH_GATE,BOOM500,ATR_BB_COMPRESSION,final_test,3.0,10,0.05439532502677767,0.09709687596097123,0.05440785359270597,0.09215017064846416,0.07018952173589618,0.07765151515151515,0.7442011836819796,1.2305892740536362,-0.01875781251195372,0.017249659114779686,1.0,False
49,1,15546,1149,0.02040816326530612,0.0739096873793902,0.2761229818298076,0.0008703220191470844,1.0,9999,24,55,35,4.0,INSUFFICIENT_FOR_GATE,BOOM500,CRT_ATR,final_test,3.0,10,0.0036116725898252475,0.10693521523391616,0.0,0.06976744186046512,0.07018952173589618,0.07765151515151515,0.0,0.9436040572529033,-0.0769329739409879,-0.004154705829329665,1.0,False
125,11,15546,1149,0.088,0.0739096873793902,1.1906422976501303,0.009573542210617928,0.2608,9999,24,55,53,7.0,INSUFFICIENT_FOR_GATE,BOOM500,CRT_BB,final_test,3.0,10,0.04984824578534847,0.15071963863031254,0.04671810475983482,0.1328125,0.07018952173589618,0.07765151515151515,0.6362901604062676,1.791496164677526,-0.026999961041245482,0.05838313773516605,1.0,False
0,0,15546,1149,,0.0739096873793902,,0.0,1.0,0,24,55,0,,INSUFFICIENT_FOR_GATE,BOOM500,CRT_CANDLE_COMPRESSION,final_test,3.0,10,,,,,0.07018952173589618,0.07765151515151515,,,,,1.0,False
30,1,15546,1149,0.03333333333333333,0.0739096873793902,0.45100087032201913,0.0008703220191470844,1.0,9999,24,55,24,10.0,INSUFFICIENT_FOR_GATE,BOOM500,CRT_CANDLE_STRUCTURE,final_test,3.0,10,0.005908590381612455,0.16670390991409173,0.0,0.10714285714285714,0.07018952173589618,0.07765151515151515,0.0,1.425458529301732,-0.0764988678036241,0.031696816444862566,1.0,False
14,1,15546,1149,0.07142857142857142,0.0739096873793902,0.9664304364043266,0.0008703220191470844,1.0,9999,24,55,14,4.0,INSUFFICIENT_FOR_GATE,BOOM500,CRT_SR,final_test,3.0,10,0.012722215247890939,0.31468704424151117,0.0,0.23809523809523808,0.07018952173589618,0.07765151515151515,0.0,3.279790092457485,-0.0769329739409879,0.1651802636080983,1.0,False
229,31,15546,1782,0.13537117903930132,0.1146275569278271,1.1809654036728272,0.01739618406285073,0.1848,9999,24,55,55,9.0,ADEQUATE_FOR_RESEARCH_GATE,BOOM500,CRT,final_test,3.0,15,0.09703340993458648,0.1857403673564978,0.09166666666666666,0.1810344827586207,0.10996949644836307,0.11946670169446999,0.7994706639940589,1.5745704132733787,-0.023167612099574127,0.06579739180676966,1.0,False
110,16,15546,1782,0.14545454545454545,0.1146275569278271,1.2689317416590142,0.008978675645342313,0.1741,9999,24,55,50,10.5,INSUFFICIENT_FOR_GATE,BOOM500,CRT_MSS,final_test,3.0,15,0.09155921975527695,0.22327738891069396,0.08108108108108109,0.20869565217391303,0.10996949644836307,0.11946670169446999,0.7087462131876795,1.8308063021525836,-0.033560383770563015,0.0948249297394374,1.0,False
158,20,15546,1782,0.12658227848101267,0.1146275569278271,1.1042918637855348,0.01122334455667789,0.327,9999,24,55,53,8.5,INSUFFICIENT_FOR_GATE,BOOM500,CRT_DISPLACEMENT,final_test,3.0,15,0.08345736652535352,0.18743403015481697,0.07272727272727272,0.18354430379746836,0.10996949644836307,0.11946670169446999,0.6355022093860435,1.6045540927224013,-0.041779503087106616,0.06930717531786251,1.0,False
97,16,15546,1782,0.16494845360824742,0.1146275569278271,1.4389947585823875,0.008978675645342313,0.0883,9999,24,55,48,10.5,INSUFFICIENT_FOR_GATE,BOOM500,CRT_MSS_DISPLACEMENT,final_test,3.0,15,0.10415923898131364,0.2512646039484451,0.09277395952653686,0.2375,0.10996949644836307,0.11946670169446999,0.8067302936475633,2.0925320939509335,-0.022092749942013674,0.12389175939277598,1.0,False
31,4,15546,1782,0.12903225806451613,0.1146275569278271,1.1256652546975128,0.002244668911335578,0.3829,9999,24,55,21,11.0,INSUFFICIENT_FOR_GATE,BOOM500,CRT_MSS_DISPLACEMENT_FVG,final_test,3.0,15,0.0513428437462915,0.28852406256306423,0.029411764705882353,0.25806451612903225,0.10996949644836307,0.11946670169446999,0.2547271833524496,2.240331769036928,-0.08593594166189704,0.14245025335343106,1.0,False
1318,161,15546,1782,0.12215477996965099,0.1146275569278271,1.0656667841796825,0.09034792368125702,0.203,9999,24,55,55,8.0,ADEQUATE_FOR_RESEARCH_GATE,BOOM500,ATR_COMPRESSION,final_test,3.0,15,0.10556556697928773,0.1409401365953299,0.10363475270659071,0.14044328683134882,0.10996949644836307,0.11946670169446999,0.9108187488261923,1.2225450709573513,-0.010261563142719587,0.025355605186382073,1.0,False
1141,130,15546,1782,0.11393514460999124,0.1146275569278271,0.9939594602171289,0.07295173961840629,1.0,9999,24,55,55,9.0,ADEQUATE_FOR_RESEARCH_GATE,BOOM500,BB_SQUEEZE,final_test,3.0,15,0.09677998289872522,0.1336811493286823,0.10036118610396558,0.12834224598930483,0.10996949644836307,0.11946670169446999,0.891200132098804,1.100517212646784,-0.012328839252581172,0.01156094867661115,1.0,False
1,0,15546,1782,0.0,0.1146275569278271,0.0,0.0,1.0,6336,24,55,1,,INSUFFICIENT_FOR_GATE,BOOM500,CANDLE_COMPRESSION,final_test,3.0,15,0.0,0.7934506856227626,0.0,0.0,0.10996949644836307,0.11946670169446999,0.0,0.0,-0.11940531842174397,-0.10995928418173284,1.0,False
452,53,15546,1782,0.1172566371681416,0.1146275569278271,1.0229358481570872,0.02974186307519641,0.4143,9999,24,55,55,8.0,ADEQUATE_FOR_RESEARCH_GATE,BOOM500,CANDLE_STRUCTURE,final_test,3.0,15,0.0907721509859138,0.1501920191114367,0.09150257266026977,0.14527948510999356,0.10996949644836307,0.11946670169446999,0.8058712552802255,1.255995490557034,-0.02228867334469179,0.029198257861864883,1.0,False
646,85,15546,1782,0.13157894736842105,0.1146275569278271,1.1478823320928584,0.04769921436588103,0.0652,9999,24,55,55,9.0,ADEQUATE_FOR_RESEARCH_GATE,BOOM500,SR_ALIGNMENT,final_test,3.0,15,0.10767594380378931,0.15983770350362397,0.10946745562130178,0.15454688844278747,0.10996949644836307,0.11946670169446999,0.9612294076250079,1.341358084162237,-0.004432227647604258,0.03921524336815825,1.0,False
576,71,15546,1782,0.1232638888888889,0.1146275569278271,1.075342545828657,0.03984287317620651,0.249,9999,24,55,55,9.0,ADEQUATE_FOR_RESEARCH_GATE,BOOM500,ATR_BB_COMPRESSION,final_test,3.0,15,0.09888609967210231,0.1526334434756274,0.09788554619043645,0.14964788732394366,0.10996949644836307,0.11946670169446999,0.8617270112555482,1.2940305309098696,-0.015732940819644905,0.03381858017783452,1.0,False
49,3,15546,1782,0.061224489795918366,0.1146275569278271,0.5341166769738198,0.0016835016835016834,1.0,9999,24,55,35,12.0,INSUFFICIENT_FOR_GATE,BOOM500,CRT_ATR,final_test,3.0,15,0.02104014667296747,0.16520487835726402,0.0,0.13725490196078433,0.10996949644836307,0.11946670169446999,0.0,1.1984919373154659,-0.11454346750261335,0.023041396252335648,1.0,False
125,17,15546,1782,0.136,0.1146275569278271,1.1864511784511784,0.009539842873176206,0.223,9999,24,55,53,8.0,INSUFFICIENT_FOR_GATE,BOOM500,CRT_BB,final_test,3.0,15,0.08667630156716497,0.2070293050524967,0.08196721311475409,0.1937984496124031,0.10996949644836307,0.11946670169446999,0.7187117486204383,1.6924489068664101,-0.032322132073112415,0.07919549896710078,1.0,False
0,0,15546,1782,,0.1146275569278271,,0.0,1.0,0,24,55,0,,INSUFFICIENT_FOR_GATE,BOOM500,CRT_CANDLE_COMPRESSION,final_test,3.0,15,,,,,0.10996949644836307,0.11946670169446999,,,,,1.0,False
30,4,15546,1782,0.13333333333333333,0.1146275569278271,1.1631874298540965,0.002244668911335578,0.3646,9999,24,55,24,13.0,INSUFFICIENT_FOR_GATE,BOOM500,CRT_CANDLE_STRUCTURE,final_test,3.0,15,0.053096554840547455,0.296813266820363,0.029411764705882353,0.2692307692307692,0.10996949644836307,0.11946670169446999,0.2580556866597957,2.373678114084448,-0.08558018093601076,0.15583508070689986,1.0,False
14,3,15546,1782,0.21428571428571427,0.1146275569278271,1.8694083694083692,0.0016835016835016834,0.1737,9999,24,55,14,12.0,INSUFFICIENT_FOR_GATE,BOOM500,CRT_SR,final_test,3.0,15,0.07571386712693184,0.47589230586600295,0.0,0.45454545454545453,0.10996949644836307,0.11946670169446999,0.0,3.9288730902216495,-0.11443415359834752,0.3380634957825678,1.0,False
229,52,15546,3390,0.22707423580786026,0.21806252412196064,1.0413262742976388,0.015339233038348082,0.3562,9999,24,55,55,14.0,ADEQUATE_FOR_RESEARCH_GATE,BOOM500,CRT,final_test,3.0,30,0.17757798791554397,0.28557603700293227,0.17889908256880735,0.27601809954751133,0.20905694866715502,0.22697735469936095,0.8257764353536422,1.2559661946457603,-0.03802304889898121,0.05596800350657424,1.0,False
110,23,15546,3390,0.20909090909090908,0.21806252412196064,0.9588576025744167,0.006784660766961652,1.0,9999,24,55,50,12.0,INSUFFICIENT_FOR_GATE,BOOM500,CRT_MSS,final_test,3.0,30,0.14356370862133006,0.2942509446430563,0.13274336283185842,0.28467032967032885,0.20905694866715502,0.22697735469936095,0.6119338273067441,1.303848085936501,-0.08499507618026418,0.06653023261714627,1.0,False
158,34,15546,3390,0.21518987341772153,0.21806252412196064,0.986826481460737,0.010029498525073746,1.0,9999,24,55,53,14.0,INSUFFICIENT_FOR_GATE,BOOM500,CRT_DISPLACEMENT,final_test,3.0,30,0.15827670989471404,0.2856235079121957,0.1558363791896726,0.27500661375661367,0.20905694866715502,0.22697735469936095,0.718101415880391,1.256887906954477,-0.06149172206761492,0.055785490106885605,1.0,False
97,21,15546,3390,0.21649484536082475,0.21806252412196064,0.9928108749201715,0.006194690265486726,1.0,9999,24,55,48,11.0,INSUFFICIENT_FOR_GATE,BOOM500,CRT_MSS_DISPLACEMENT,final_test,3.0,30,0.14618778380932268,0.308401621746627,0.1346153846153846,0.2991121495327096,0.20905694866715502,0.22697735469936095,0.6183859195864324,1.367416327757018,-0.08259128386843179,0.08050225383899041,1.0,False
31,5,15546,3390,0.16129032258064516,0.21806252412196064,0.7396517270910647,0.0014749262536873156,1.0,9999,24,55,21,11.0,INSUFFICIENT_FOR_GATE,BOOM500,CRT_MSS_DISPLACEMENT_FVG,final_test,3.0,30,0.070926244433653,0.3263435395879326,0.043478260869565216,0.3076923076923077,0.20905694866715502,0.22697735469936095,0.20112017852551578,1.3995679449184302,-0.17412965866800995,0.08760740195847128,1.0,False
1318,304,15546,3390,0.2306525037936267,0.21806252412196064,1.057735641290773,0.08967551622418879,0.1044,9999,24,55,55,14.0,ADEQUATE_FOR_RESEARCH_GATE,BOOM500,ATR_COMPRESSION,final_test,3.0,30,0.20871273976505345,0.25415779189958365,0.20986495137174319,0.25183553597650515,0.20905694866715502,0.22697735469936095,0.9667178413210368,1.1487539440406551,-0.007283493372760126,0.03220210568715739,1.0,False
1141,256,15546,3390,0.22436459246275198,0.21806252412196064,1.0289002815415758,0.07551622418879056,0.2652,9999,24,55,55,15.0,ADEQUATE_FOR_RESEARCH_GATE,BOOM500,BB_SQUEEZE,final_test,3.0,30,0.2011070813981798,0.24947186544749478,0.202081526452732,0.24845814977973568,0.20905694866715502,0.22697735469936095,0.9420586720206248,1.1243040135383222,-0.012568054944269005,0.027133145861198204,1.0,False
1,0,15546,3390,0.0,0.21806252412196064,0.0,0.0,1.0,6336,24,55,1,,INSUFFICIENT_FOR_GATE,BOOM500,CANDLE_COMPRESSION,final_test,3.0,30,0.0,0.7934506856227626,0.0,0.0,0.20905694866715502,0.22697735469936095,0.0,0.0,-0.22705023932748786,-0.20915117639412453,1.0,False
452,100,15546,3390,0.22123893805309736,0.21806252412196064,1.0145665283107526,0.029498525073746312,0.4123,9999,24,55,55,14.0,ADEQUATE_FOR_RESEARCH_GATE,BOOM500,CANDLE_STRUCTURE,final_test,3.0,30,0.18541145464119138,0.26176476173028934,0.1896551724137931,0.25415676959619954,0.20905694866715502,0.22697735469936095,0.879691979791246,1.1564364336608572,-0.026084970798810662,0.03406496875259668,1.0,False
646,160,15546,3390,0.2476780185758514,0.21806252412196064,1.1358119400531521,0.0471976401179941,0.0289,9999,24,55,55,14.0,ADEQUATE_FOR_RESEARCH_GATE,BOOM500,SR_ALIGNMENT,final_test,3.0,30,0.21594740812576665,0.28239177049233566,0.21554058969287776,0.28104625908334346,0.20905694866715502,0.22697735469936095,0.9998689359313855,1.2735369350986878,-2.9652532461989125e-05,0.06018439243240975,1.0,False
576,135,15546,3390,0.234375,0.21806252412196064,1.0748064159292035,0.03982300884955752,0.1591,9999,24,55,55,15.0,ADEQUATE_FOR_RESEARCH_GATE,BOOM500,ATR_BB_COMPRESSION,final_test,3.0,30,0.20161069301514775,0.2706588466235741,0.19965870307167236,0.2683763826043238,0.20905694866715502,0.22697735469936095,0.9241379994669404,1.2180518920578176,-0.01659812334239743,0.04761523414400605,1.0,False
49,10,15546,3390,0.20408163265306123,0.21806252412196064,0.935885858768286,0.0029498525073746312,1.0,9999,24,55,35,18.0,INSUFFICIENT_FOR_GATE,BOOM500,CRT_ATR,final_test,3.0,30,0.11481849605782132,0.3363700091951255,0.08888888888888889,0.3275862068965517,0.20905694866715502,0.22697735469936095,0.4106073298512527,1.511095535383071,-0.1283947243581917,0.11112972639213539,1.0,False
125,30,15546,3390,0.24,0.21806252412196064,1.1006017699115043,0.008849557522123894,0.2579,9999,24,55,53,14.0,INSUFFICIENT_FOR_GATE,BOOM500,CRT_BB,final_test,3.0,30,0.17360066149258818,0.3219033432357416,0.171875,0.30952380952380953,0.20905694866715502,0.22697735469936095,0.7980478621185361,1.405139694327616,-0.04389738821736277,0.08927997755918546,1.0,False
0,0,15546,3390,,0.21806252412196064,,0.0,1.0,0,24,55,0,,INSUFFICIENT_FOR_GATE,BOOM500,CRT_CANDLE_COMPRESSION,final_test,3.0,30,,,,,0.20905694866715502,0.22697735469936095,,,,,1.0,False
30,8,15546,3390,0.26666666666666666,0.21806252412196064,1.222890855457227,0.002359882005899705,0.2745,9999,24,55,24,16.0,INSUFFICIENT_FOR_GATE,BOOM500,CRT_CANDLE_STRUCTURE,final_test,3.0,30,0.14182663319596317,0.4444796169518888,0.11753393665158375,0.43478260869565216,0.20905694866715502,0.22697735469936095,0.5329460995358385,2.0130452382778117,-0.10273515273331282,0.2193222281761079,1.0,False
14,7,15546,3390,0.5,0.21806252412196064,2.292920353982301,0.002064896755162242,0.0192,9999,24,55,14,18.0,INSUFFICIENT_FOR_GATE,BOOM500,CRT_SR,final_test,3.0,30,0.26799202452413634,0.7320079754758637,0.23076923076923078,0.7692307692307693,0.20905694866715502,0.22697735469936095,1.0548580961828324,3.5166955351513938,0.012001169505423955,0.5510981152342247,1.0,False
75,11,5178,699,0.14666666666666667,0.13499420625724218,1.0864663805436339,0.015736766809728183,0.3829,9999,24,19,18,2.0,INSUFFICIENT_FOR_GATE,BOOM500,CRT,wf1,1.5,5,0.08391717009472588,0.24384767859312362,0.06896551724137931,0.22950819672131148,0.12836279784780938,0.14163011695906433,0.5049798940095874,1.7225646767773481,-0.06830367772132134,0.09624277300580888,,
34,5,5178,699,0.14705882352941177,0.13499420625724218,1.089371370865943,0.00715307582260372,0.4039,9999,24,19,16,3.0,INSUFFICIENT_FOR_GATE,BOOM500,CRT_MSS,wf1,1.5,5,0.06449441444782457,0.3012805649545216,0.04878048780487805,0.25806451612903225,0.12836279784780938,0.14163011695906433,0.362299335766307,1.9050920819394188,-0.08745215023919398,0.122979898873897,,
52,6,5178,699,0.11538461538461539,0.13499420625724218,0.8547375371409707,0.008583690987124463,1.0,9999,24,19,17,2.5,INSUFFICIENT_FOR_GATE,BOOM500,CRT_DISPLACEMENT,wf1,1.5,5,0.05396969203087296,0.22971664344902112,0.047619047619047616,0.1896551724137931,0.12836279784780938,0.14163011695906433,0.3463794108602999,1.4279758892056675,-0.08941556373247188,0.05691568238508863,,
34,5,5178,699,0.14705882352941177,0.13499420625724218,1.089371370865943,0.00715307582260372,0.4039,9999,24,19,16,3.0,INSUFFICIENT_FOR_GATE,BOOM500,CRT_MSS_DISPLACEMENT,wf1,1.5,5,0.06449441444782457,0.3012805649545216,0.04878048780487805,0.25806451612903225,0.12836279784780938,0.14163011695906433,0.362299335766307,1.9050920819394188,-0.08745215023919398,0.122979898873897,,
15,2,5178,699,0.13333333333333333,0.13499420625724218,0.9876967095851216,0.002861230329041488,1.0,9999,24,19,12,1.5,INSUFFICIENT_FOR_GATE,BOOM500,CRT_MSS_DISPLACEMENT_FVG,wf1,1.5,5,0.03736125910306537,0.37881982832322364,0.0,0.3125,0.12836279784780938,0.14163011695906433,0.0,2.3967328124272886,-0.13962005876068376,0.18061908420276485,,
439,61,5178,699,0.13895216400911162,0.13499420625724218,1.0293194638614878,0.08726752503576538,0.3752,9999,24,19,19,2.0,INSUFFICIENT_FOR_GATE,BOOM500,ATR_COMPRESSION,wf1,1.5,5,0.10971631895752927,0.17445187784097133,0.11677118699551989,0.16210045662100456,0.12836279784780938,0.14163011695906433,0.8635960725783358,1.1969534043589416,-0.018600333197641077,0.026441158911867036,,
377,57,5178,699,0.15119363395225463,0.13499420625724218,1.1200009107364441,0.0815450643776824,0.1916,9999,24,19,19,3.0,INSUFFICIENT_FOR_GATE,BOOM500,BB_SQUEEZE,wf1,1.5,5,0.11856151400224255,0.19086241055050854,0.11609498680738786,0.18766101297752538,0.12836279784780938,0.14163011695906433,0.8628642287170272,1.3969842789826377,-0.018466886727246865,0.05329287253513833,,
0,0,5178,699,,0.13499420625724218,,0.0,1.0,0,24,19,0,,INSUFFICIENT_FOR_GATE,BOOM500,CANDLE_COMPRESSION,wf1,1.5,5,,,,,0.12836279784780938,0.14163011695906433,,,,,,
151,23,5178,699,0.152317880794702,0.13499420625724218,1.1283290225392946,0.032904148783977114,0.2924,9999,24,19,19,3.0,INSUFFICIENT_FOR_GATE,BOOM500,CANDLE_STRUCTURE,wf1,1.5,5,0.1036926122210518,0.21819442759565755,0.09200664621676892,0.21428571428571427,0.12836279784780938,0.14163011695906433,0.6721572703640849,1.6172558919263968,-0.04517844856877172,0.08145116309142189,,
232,39,5178,699,0.16810344827586207,0.13499420625724218,1.2452641704898624,0.055793991416309016,0.0461,9999,24,19,19,3.0,INSUFFICIENT_FOR_GATE,BOOM500,SR_ALIGNMENT,wf1,1.5,5,0.12547763131856401,0.22154133315840127,0.12704918032786885,0.20600858369098712,0.12836279784780938,0.14163011695906433,0.9377051996789756,1.5285938141824973,-0.00848501797598286,0.07091536761927825,,
181,17,5178,699,0.09392265193370165,0.13499420625724218,0.6957532070281933,0.024320457796852647,1.0,9999,24,19,19,2.0,INSUFFICIENT_FOR_GATE,BOOM500,ATR_BB_COMPRESSION,wf1,1.5,5,0.05946866199751928,0.1452552081889973,0.05789473684210526,0.1286549707602339,0.12836279784780938,0.14163011695906433,0.44288903292183524,0.9241192002357418,-0.07319759099720441,-0.010438709654085564,,
14,2,5178,699,0.14285714285714285,0.13499420625724218,1.0582464745554874,0.002861230329041488,0.4369,9999,24,19,10,1.5,INSUFFICIENT_FOR_GATE,BOOM500,CRT_ATR,wf1,1.5,5,0.040093921271464966,0.39941379496970353,0.0,0.3333333333333333,0.12836279784780938,0.14163011695906433,0.0,2.5827056140149116,-0.13862869988759835,0.205096427117899,,
40,6,5178,699,0.15,0.13499420625724218,1.1111587982832618,0.008583690987124463,0.3906,9999,24,19,17,2.0,INSUFFICIENT_FOR_GATE,BOOM500,CRT_BB,wf1,1.5,5,0.0706118771732036,0.29072324366489705,0.045454545454545456,0.2894736842105263,0.12836279784780938,0.14163011695906433,0.3257365335834501,2.1699346405228757,-0.09279978975104138,0.1550464099282182,,
0,0,5178,699,,0.13499420625724218,,0.0,1.0,0,24,19,0,,INSUFFICIENT_FOR_GATE,BOOM500,CRT_CANDLE_COMPRESSION,wf1,1.5,5,,,,,0.12836279784780938,0.14163011695906433,,,,,,
9,2,5178,699,0.2222222222222222,0.13499420625724218,1.6461611826418692,0.002861230329041488,0.16995098529558866,9996,24,19,7,2.0,INSUFFICIENT_FOR_GATE,BOOM500,CRT_CANDLE_STRUCTURE,wf1,1.5,5,0.06322510711784671,0.5474110308930111,0.0,0.4,0.12836279784780938,0.14163011695906433,0.0,2.9506783728846764,-0.13866357667052917,0.26426957831325304,,
5,0,5178,699,0.0,0.13499420625724218,0.0,0.0,1.0,9896,24,19,4,,INSUFFICIENT_FOR_GATE,BOOM500,CRT_SR,wf1,1.5,5,0.0,0.43448246478317476,0.0,0.0,0.12836279784780938,0.14163011695906433,0.0,0.0,-0.14156626506024098,-0.12834728873059292,,
75,17,5178,1170,0.22666666666666666,0.22595596755504055,1.0031452991452992,0.01452991452991453,0.4885,9999,24,19,18,3.0,INSUFFICIENT_FOR_GATE,BOOM500,CRT,wf1,1.5,10,0.1466136791679065,0.33335535472269406,0.14492753623188406,0.3150684931506849,0.21581116523042337,0.23538011695906433,0.6370697572083127,1.4044093478223645,-0.08375552014741595,0.09072947066639828,,
34,8,5178,1170,0.23529411764705882,0.22595596755504055,1.0413273001508296,0.006837606837606838,0.4545,9999,24,19,16,4.0,INSUFFICIENT_FOR_GATE,BOOM500,CRT_MSS,wf1,1.5,10,0.12436985532639575,0.3999613792253638,0.11764705882352941,0.36666666666666664,0.21581116523042337,0.23538011695906433,0.527602330683609,1.626560347633272,-0.10755431048762233,0.14189411980505243,,
52,13,5178,1170,0.25,0.22595596755504055,1.1064102564102565,0.011111111111111112,0.3199,9999,24,19,17,6.0,INSUFFICIENT_FOR_GATE,BOOM500,CRT_DISPLACEMENT,wf1,1.5,10,0.15233153863595772,0.3820645794259735,0.16,0.35420026881720384,0.21581116523042337,0.23538011695906433,0.6867922032113444,1.597892207463922,-0.07292559615926125,0.13206242520001304,,
34,8,5178,1170,0.23529411764705882,0.22595596755504055,1.0413273001508296,0.006837606837606838,0.4545,9999,24,19,16,4.0,INSUFFICIENT_FOR_GATE,BOOM500,CRT_MSS_DISPLACEMENT,wf1,1.5,10,0.12436985532639575,0.3999613792253638,0.11764705882352941,0.36666666666666664,0.21581116523042337,0.23538011695906433,0.527602330683609,1.626560347633272,-0.10755431048762233,0.14189411980505243,,
15,4,5178,1170,0.26666666666666666,0.22595596755504055,1.1801709401709402,0.003418803418803419,0.3605,9999,24,19,12,4.5,INSUFFICIENT_FOR_GATE,BOOM500,CRT_MSS_DISPLACEMENT_FVG,wf1,1.5,10,0.10897453325692374,0.5195043405598057,0.06666666666666667,0.5,0.21581116523042337,0.23538011695906433,0.29050190972681644,2.2595405956752344,-0.1616944352564445,0.27873050821297607,,
439,97,5178,1170,0.22095671981776766,0.22595596755504055,0.9778751241165821,0.0829059829059829,1.0,9999,24,19,19,4.0,INSUFFICIENT_FOR_GATE,BOOM500,ATR_COMPRESSION,wf1,1.5,10,0.18465967051751753,0.2620949295317968,0.19477304739678894,0.24545454545454545,0.21581116523042337,0.23538011695906433,0.8727270018107218,1.067810932586516,-0.028743920304984415,0.015422085645736407,,
377,93,5178,1170,0.246684350132626,0.22595596755504055,1.0917363803305449,0.07948717948717948,0.1163,9999,24,19,19,4.0,INSUFFICIENT_FOR_GATE,BOOM500,BB_SQUEEZE,wf1,1.5,10,0.20586939907774982,0.29260957274573096,0.21553884711779447,0.2793752879741975,0.21581116523042337,0.23538011695906433,0.9471578185415233,1.2482119959060698,-0.012105227163903307,0.05554015708974679,,
0,0,5178,1170,,0.22595596755504055,,0.0,1.0,0,24,19,0,,INSUFFICIENT_FOR_GATE,BOOM500,CANDLE_COMPRESSION,wf1,1.5,10,,,,,0.21581116523042337,0.23538011695906433,,,,,,
151,38,5178,1170,0.25165562913907286,0.22595596755504055,1.1137374766513841,0.03247863247863248,0.2331,9999,24,19,19,4.0,INSUFFICIENT_FOR_GATE,BOOM500,CANDLE_STRUCTURE,wf1,1.5,10,0.18918653541486743,0.3264470644542108,0.18518518518518517,0.32167832167832167,0.21581116523042337,0.23538011695906433,0.8133809438981481,1.4514650483667981,-0.04286468654943331,0.09969367436300386,,
232,59,5178,1170,0.2543103448275862,0.22595596755504055,1.1254862953138816,0.05042735042735043,0.0897,9999,24,19,19,4.0,INSUFFICIENT_FOR_GATE,BOOM500,SR_ALIGNMENT,wf1,1.5,10,0.2025908124863538,0.3140336157628283,0.20851063829787234,0.2956521739130435,0.21581116523042337,0.23538011695906433,0.9233970313555905,1.3030534790363975,-0.017453444951160427,0.06833483411787708,,
181,34,5178,1170,0.1878453038674033,0.22595596755504055,0.831335883269585,0.02905982905982906,1.0,9999,24,19,19,5.5,INSUFFICIENT_FOR_GATE,BOOM500,ATR_BB_COMPRESSION,wf1,1.5,10,0.13765244461135012,0.2510128433551558,0.13966480446927373,0.23757179585361848,0.21581116523042337,0.23538011695906433,0.6247557476138936,1.034891588524754,-0.08433505796530302,0.00787151315183382,,
14,2,5178,1170,0.14285714285714285,0.22595596755504055,0.6322344322344322,0.0017094017094017094,1.0,9999,24,19,10,1.5,INSUFFICIENT_FOR_GATE,BOOM500,CRT_ATR,wf1,1.5,10,0.040093921271464966,0.39941379496970353,0.0,0.3333333333333333,0.21581116523042337,0.23538011695906433,0.0,1.5234651840204634,-0.22916666666666666,0.11590110441767065,,
40,8,5178,1170,0.2,0.22595596755504055,0.8851282051282052,0.006837606837606838,1.0,9999,24,19,17,3.0,INSUFFICIENT_FOR_GATE,BOOM500,CRT_BB,wf1,1.5,10,0.10499989725437704,0.347573063463995,0.08695652173913043,0.3333333333333333,0.21581116523042337,0.23538011695906433,0.3796905196794713,1.5081609949535992,-0.14260339461888455,0.11347429323165117,,
0,0,5178,1170,,0.22595596755504055,,0.0,1.0,0,24,19,0,,INSUFFICIENT_FOR_GATE,BOOM500,CRT_CANDLE_COMPRESSION,wf1,1.5,10,,,,,0.21581116523042337,0.23538011695906433,,,,,,
9,2,5178,1170,0.2222222222222222,0.22595596755504055,0.9834757834757835,0.0017094017094017094,1.0,9996,24,19,7,2.0,INSUFFICIENT_FOR_GATE,BOOM500,CRT_CANDLE_STRUCTURE,wf1,1.5,10,0.06322510711784671,0.5474110308930111,0.0,0.4,0.21581116523042337,0.23538011695906433,0.0,1.766585956416465,-0.22966867469879518,0.1735796144843476,,
5,0,5178,1170,0.0,0.22595596755504055,0.0,0.0,1.0,9896,24,19,4,,INSUFFICIENT_FOR_GATE,BOOM500,CRT_SR,wf1,1.5,10,0.0,0.43448246478317476,0.0,0.0,0.21581116523042337,0.23538011695906433,0.0,0.0,-0.2353501941270571,-0.2158230370665604,,
75,24,5178,1541,0.32,0.29760525299343377,1.0752498377676833,0.015574302401038288,0.3062,9999,24,19,18,6.5,INSUFFICIENT_FOR_GATE,BOOM500,CRT,wf1,1.5,15,0.22542995034772842,0.4321106329460819,0.23170731707317074,0.42424242424242425,0.2831123858390534,0.3103514870606412,0.7771912412033982,1.4281481351130827,-0.06699013362942186,0.1268050163906142,,
34,9,5178,1541,0.2647058823529412,0.29760525299343377,0.8894529908004734,0.005840363400389357,1.0,9999,24,19,16,5.0,INSUFFICIENT_FOR_GATE,BOOM500,CRT_MSS,wf1,1.5,15,0.14601190677211745,0.43117141282944665,0.14285714285714285,0.4074074074074074,0.2831123858390534,0.3103514870606412,0.48213092400193797,1.375340264165077,-0.15530103416936944,0.11091553199020496,,
52,17,5178,1541,0.3269230769230769,0.29760525299343377,1.0985124544501572,0.011031797534068787,0.2701,9999,24,19,17,7.0,INSUFFICIENT_FOR_GATE,BOOM500,CRT_DISPLACEMENT,wf1,1.5,15,0.21522074458569176,0.4624381063802606,0.24,0.42857142857142855,0.2831123858390534,0.3103514870606412,0.795662762929385,1.4499803803518834,-0.06199131156187625,0.132245524881324,,
34,9,5178,1541,0.2647058823529412,0.29760525299343377,0.8894529908004734,0.005840363400389357,1.0,9999,24,19,16,5.0,INSUFFICIENT_FOR_GATE,BOOM500,CRT_MSS_DISPLACEMENT,wf1,1.5,15,0.14601190677211745,0.43117141282944665,0.14285714285714285,0.4074074074074074,0.2831123858390534,0.3103514870606412,0.48213092400193797,1.375340264165077,-0.15530103416936944,0.11091553199020496,,
15,5,5178,1541,0.3333333333333333,0.29760525299343377,1.1200519143413368,0.003244646333549643,0.3769,9999,24,19,12,7.0,INSUFFICIENT_FOR_GATE,BOOM500,CRT_MSS_DISPLACEMENT_FVG,wf1,1.5,15,0.15176324439714725,0.5828645226148023,0.11764705882352941,0.5555555555555556,0.2831123858390534,0.3103514870606412,0.4023221613358854,1.881349838781136,-0.18090420550085495,0.2613013467543405,,
439,141,5178,1541,0.3211845102505695,0.29760525299343377,1.0792299766888052,0.09149902660609993,0.0635,9999,24,19,19,7.0,INSUFFICIENT_FOR_GATE,BOOM500,ATR_COMPRESSION,wf1,1.5,15,0.2792192335644235,0.3662520815692187,0.2817934954760904,0.3572987197375829,0.2831123858390534,0.3103514870606412,0.967658291874366,1.1760185022658518,-0.009475559450343752,0.053242141236288454,,
377,120,5178,1541,0.3183023872679045,0.29760525299343377,1.069545594596502,0.07787151200519143,0.1736,9999,24,19,19,6.0,INSUFFICIENT_FOR_GATE,BOOM500,BB_SQUEEZE,wf1,1.5,15,0.27331583984929514,0.36695441742723295,0.2743351797497407,0.36239782016348776,0.2831123858390534,0.3103514870606412,0.9224365013964851,1.213808677373705,-0.023110636376086197,0.06321531808797788,,
0,0,5178,1541,,0.29760525299343377,,0.0,1.0,0,24,19,0,,INSUFFICIENT_FOR_GATE,BOOM500,CANDLE_COMPRESSION,wf1,1.5,15,,,,,0.2831123858390534,0.3103514870606412,,,,,,
151,53,5178,1541,0.3509933774834437,0.29760525299343377,1.1793924131143878,0.03439325113562622,0.1075,9999,24,19,19,6.0,INSUFFICIENT_FOR_GATE,BOOM500,CANDLE_STRUCTURE,wf1,1.5,15,0.2794233693506971,0.42995679057074987,0.26356589147286824,0.4304635761589404,0.2831123858390534,0.3103514870606412,0.8822168945170616,1.466964245381355,-0.035166806113880344,0.13672266920493575,,
232,76,5178,1541,0.3275862068965517,0.29760525299343377,1.1007406744389,0.04931862426995458,0.0991,9999,24,19,19,5.0,INSUFFICIENT_FOR_GATE,BOOM500,SR_ALIGNMENT,wf1,1.5,15,0.27042980049387877,0.3903592719616876,0.27802690582959644,0.375,0.2831123858390534,0.3103514870606412,0.9433960307682061,1.2499361878803517,-0.01687242219198089,0.07457508951413364,,
181,55,5178,1541,0.30386740331491713,0.29760525299343377,1.021041800366412,0.035691109669046074,0.3947,9999,24,19,19,8.0,INSUFFICIENT_FOR_GATE,BOOM500,ATR_BB_COMPRESSION,wf1,1.5,15,0.24151484708976273,0.3743721922520243,0.2441860465116279,0.3620689655172414,0.2831123858390534,0.3103514870606412,0.8385134435906397,1.1924578817500768,-0.04718097175218357,0.05793148096304594,,
14,4,5178,1541,0.2857142857142857,0.29760525299343377,0.96004449800686,0.0025957170668397143,1.0,9999,24,19,10,6.5,INSUFFICIENT_FOR_GATE,BOOM500,CRT_ATR,wf1,1.5,15,0.11721378644576919,0.5464908432989318,0.0,0.5714285714285714,0.2831123858390534,0.3103514870606412,0.0,1.9146867840480748,-0.29261895841139,0.27032255309457365,,
40,11,5178,1541,0.275,0.29760525299343377,0.9240428293316029,0.007138221933809215,1.0,9999,24,19,17,5.0,INSUFFICIENT_FOR_GATE,BOOM500,CRT_BB,wf1,1.5,15,0.1610801624766734,0.4283495580621057,0.1276595744680851,0.45,0.2831123858390534,0.3103514870606412,0.4236150539224965,1.518618441841329,-0.17374025081261188,0.15304124189939447,,
0,0,5178,1541,,0.29760525299343377,,0.0,1.0,0,24,19,0,,INSUFFICIENT_FOR_GATE,BOOM500,CRT_CANDLE_COMPRESSION,wf1,1.5,15,,,,,0.2831123858390534,0.3103514870606412,,,,,,
9,3,5178,1541,0.3333333333333333,0.29760525299343377,1.1200519143413368,0.001946787800129786,0.38871661498449533,9996,24,19,7,3.0,INSUFFICIENT_FOR_GATE,BOOM500,CRT_CANDLE_STRUCTURE,wf1,1.5,15,0.1205838183869109,0.6457978644196036,0.0,0.6666666666666666,0.2831123858390534,0.3103514870606412,0.0,2.212649549869699,-0.30236043461970774,0.3650423705692334,,
5,1,5178,1541,0.2,0.29760525299343377,0.6720311486048021,0.0006489292667099286,1.0,9896,24,19,4,11.0,INSUFFICIENT_FOR_GATE,BOOM500,CRT_SR,wf1,1.5,15,0.03622410863243014,0.6244653702374747,0.0,0.8,0.2831123858390534,0.3103514870606412,0.0,2.759374750686089,-0.30763188903711586,0.5103962725903615,,
75,28,5178,2259,0.37333333333333335,0.4362688296639629,0.8557414785303232,0.01239486498450642,1.0,9999,24,19,18,7.5,INSUFFICIENT_FOR_GATE,BOOM500,CRT,wf1,1.5,30,0.2725596912402112,0.48645034885543315,0.27586206896551724,0.4788879107981218,0.41177578485795585,0.45826945447053824,0.6298710376778878,1.100290686611431,-0.16228094651462346,0.043599495839305544,,
34,12,5178,2259,0.35294117647058826,0.4362688296639629,0.8089992969299274,0.005312084993359893,1.0,9999,24,19,16,6.5,INSUFFICIENT_FOR_GATE,BOOM500,CRT_MSS,wf1,1.5,30,0.21487920594879492,0.5208603688021826,0.21428571428571427,0.5172413793103449,0.41177578485795585,0.45826945447053824,0.47932243003819,1.2070119967984705,-0.2333802313674788,0.08825078003347264,,
52,20,5178,2259,0.38461538461538464,0.4362688296639629,0.8816017979364593,0.008853474988933156,1.0,9999,24,19,17,7.5,INSUFFICIENT_FOR_GATE,BOOM500,CRT_DISPLACEMENT,wf1,1.5,30,0.26470463780216213,0.5204012628418061,0.28,0.5,0.41177578485795585,0.45826945447053824,0.6388821544706873,1.1442001878608565,-0.16056238621434638,0.06270997506812523,,
34,12,5178,2259,0.35294117647058826,0.4362688296639629,0.8089992969299274,0.005312084993359893,1.0,9999,24,19,16,6.5,INSUFFICIENT_FOR_GATE,BOOM500,CRT_MSS_DISPLACEMENT,wf1,1.5,30,0.21487920594879492,0.5208603688021826,0.21428571428571427,0.5172413793103449,0.41177578485795585,0.45826945447053824,0.47932243003819,1.2070119967984705,-0.2333802313674788,0.08825078003347264,,
15,8,5178,2259,0.5333333333333333,0.4362688296639629,1.2224878264718901,0.0035413899955732625,0.2622,9999,24,19,12,9.0,INSUFFICIENT_FOR_GATE,BOOM500,CRT_MSS_DISPLACEMENT_FVG,wf1,1.5,30,0.30116980025498397,0.7519046463426261,0.26250000000000023,0.8,0.41177578485795585,0.45826945447053824,0.5773771529888551,1.890716238700171,-0.188179885734255,0.37970927019007433,,
439,200,5178,2259,0.45558086560364464,0.4362688296639629,1.044266366576216,0.08853474988933156,0.1151,9999,24,19,19,11.0,INSUFFICIENT_FOR_GATE,BOOM500,ATR_COMPRESSION,wf1,1.5,30,0.4095800283209801,0.502352336584829,0.41388144057268667,0.49165072755688705,0.41177578485795585,0.45826945447053824,0.9665313445569597,1.1160256593989784,-0.014380711773552362,0.05019862354014275,,
377,165,5178,2259,0.4376657824933687,0.4362688296639629,1.0032020459276951,0.07304116865869854,0.4803,9999,24,19,19,9.0,INSUFFICIENT_FOR_GATE,BOOM500,BB_SQUEEZE,wf1,1.5,30,0.38846588440748253,0.48812318195745774,0.39402140030358884,0.4782664011505697,0.41177578485795585,0.45826945447053824,0.9228404968972128,1.0837698083977219,-0.03362011305287323,0.03626191000301226,,
0,0,5178,2259,,0.4362688296639629,,0.0,1.0,0,24,19,0,,INSUFFICIENT_FOR_GATE,BOOM500,CANDLE_COMPRESSION,wf1,1.5,30,,,,,0.41177578485795585,0.45826945447053824,,,,,,
151,76,5178,2259,0.5033112582781457,0.4362688296639629,1.1536722865711548,0.033643204957945996,0.0264,9999,24,19,19,10.5,INSUFFICIENT_FOR_GATE,BOOM500,CANDLE_STRUCTURE,wf1,1.5,30,0.4244764585882516,0.5819817600801607,0.4304635761589404,0.5761589403973509,0.41177578485795585,0.45826945447053824,0.9941470570227202,1.311561171589263,-0.00254679067592771,0.1347575430914037,,
232,109,5178,2259,0.4698275862068966,0.4362688296639629,1.0769221962723818,0.048251438689685705,0.0182,9999,24,19,19,9.0,INSUFFICIENT_FOR_GATE,BOOM500,SR_ALIGNMENT,wf1,1.5,30,0.4066206090252843,0.5340174786544398,0.4279651765228333,0.5120967741935484,0.41177578485795585,0.45826945447053824,1.0002268722457694,1.1476546694667962,9.989250238284008e-05,0.06510259033775867,,
181,77,5178,2259,0.425414364640884,0.4362688296639629,0.9751197787120396,0.03408587870739265,1.0,9999,24,19,19,11.0,INSUFFICIENT_FOR_GATE,BOOM500,ATR_BB_COMPRESSION,wf1,1.5,30,0.35567346504850544,0.49825540906738547,0.3493975903614458,0.5058208748615725,0.41177578485795585,0.45826945447053824,0.8242915307769876,1.1388554559779944,-0.07528481336466673,0.06149040267071567,,
14,6,5178,2259,0.42857142857142855,0.4362688296639629,0.9823562891291975,0.0026560424966799467,1.0,9999,24,19,10,11.0,INSUFFICIENT_FOR_GATE,BOOM500,CRT_ATR,wf1,1.5,30,0.21380798904474121,0.6740935542034926,0.15,0.733508771929822,0.41177578485795585,0.45826945447053824,0.3437223177534002,1.7117891996510737,-0.2873307858153702,0.30919861511802527,,
40,13,5178,2259,0.325,0.4362688296639629,0.7449535192563081,0.005754758742806552,1.0,9999,24,19,17,7.0,INSUFFICIENT_FOR_GATE,BOOM500,CRT_BB,wf1,1.5,30,0.200845022317827,0.47982253810122333,0.1851364522417154,0.4883720930232558,0.41177578485795585,0.45826945447053824,0.42212517595409316,1.1310609892974368,-0.2547909711398039,0.0565774461482292,,
0,0,5178,2259,,0.4362688296639629,,0.0,1.0,0,24,19,0,,INSUFFICIENT_FOR_GATE,BOOM500,CRT_CANDLE_COMPRESSION,wf1,1.5,30,,,,,0.41177578485795585,0.45826945447053824,,,,,,
9,4,5178,2259,0.4444444444444444,0.4362688296639629,1.0187398553932419,0.0017706949977866313,0.458037411223367,9996,24,19,7,7.0,INSUFFICIENT_FOR_GATE,BOOM500,CRT_CANDLE_STRUCTURE,wf1,1.5,30,0.18877852109766452,0.733348706504507,0.0,0.75,0.41177578485795585,0.45826945447053824,0.0,1.7461892448470102,-0.43221501879526214,0.3250670594573315,,
5,1,5178,2259,0.2,0.4362688296639629,0.45843293492695886,0.0004426737494466578,1.0,9896,24,19,4,11.0,INSUFFICIENT_FOR_GATE,BOOM500,CRT_SR,wf1,1.5,30,0.03622410863243014,0.6244653702374747,0.0,0.8,0.41177578485795585,0.45826945447053824,0.0,1.8864112669665785,-0.4535015060240964,0.37755713750468345,,
75,7,5178,427,0.09333333333333334,0.0824642719196601,1.1318032786885246,0.01639344262295082,0.3391,9999,24,19,18,3.0,INSUFFICIENT_FOR_GATE,BOOM500,CRT,wf1,2.0,5,0.04594852339060043,0.18034686849541504,0.043478260869565216,0.1527777777777778,0.07692307692307693,0.0884814667198087,0.5034250336703531,1.9129617195537991,-0.04259563139417438,0.0728306071875848,,
34,2,5178,427,0.058823529411764705,0.0824642719196601,0.713321394131423,0.00468384074941452,1.0,9999,24,19,16,3.0,INSUFFICIENT_FOR_GATE,BOOM500,CRT_MSS,wf1,2.0,5,0.016282655210122746,0.19093606904280996,0.0,0.14705882352941177,0.07692307692307693,0.0884814667198087,0.0,1.7939334625020384,-0.08615190705078066,0.06423390515844883,,
52,3,5178,427,0.057692307692307696,0.0824642719196601,0.6996036750135111,0.00702576112412178,1.0,9999,24,19,17,3.0,INSUFFICIENT_FOR_GATE,BOOM500,CRT_DISPLACEMENT,wf1,2.0,5,0.019814172112270614,0.1564251136896076,0.0,0.125,0.07692307692307693,0.0884814667198087,0.0,1.5510864090316967,-0.08310244577853063,0.044172882769825075,,
34,2,5178,427,0.058823529411764705,0.0824642719196601,0.713321394131423,0.00468384074941452,1.0,9999,24,19,16,3.0,INSUFFICIENT_FOR_GATE,BOOM500,CRT_MSS_DISPLACEMENT,wf1,2.0,5,0.016282655210122746,0.19093606904280996,0.0,0.14705882352941177,0.07692307692307693,0.0884814667198087,0.0,1.7939334625020384,-0.08615190705078066,0.06423390515844883,,
15,2,5178,427,0.13333333333333333,0.0824642719196601,1.6168618266978922,0.00468384074941452,0.257,9999,24,19,12,1.5,INSUFFICIENT_FOR_GATE,BOOM500,CRT_MSS_DISPLACEMENT_FVG,wf1,2.0,5,0.03736125910306537,0.37881982832322364,0.0,0.3125,0.07692307692307693,0.0884814667198087,0.0,3.9122722672064776,-0.08598726114649681,0.23161793144680162,,
439,40,5178,427,0.09111617312072894,0.0824642719196601,1.1049169658527738,0.0936768149882904,0.2383,9999,24,19,19,3.0,INSUFFICIENT_FOR_GATE,BOOM500,ATR_COMPRESSION,wf1,2.0,5,0.06762685990299365,0.12169926833253232,0.06858276323772464,0.11502769615293675,0.07692307692307693,0.0884814667198087,0.82773009058733,1.4066116911124174,-0.014346558065301399,0.032912269767526425,,
377,36,5178,427,0.09549071618037135,0.0824642719196601,1.1579647034706388,0.08430913348946135,0.2134,9999,24,19,19,3.0,INSUFFICIENT_FOR_GATE,BOOM500,BB_SQUEEZE,wf1,2.0,5,0.06977385068024285,0.12936796296458258,0.0636093655546652,0.13066666666666665,0.07692307692307693,0.0884814667198087,0.7962452252406513,1.555595914060023,-0.016416282777286878,0.04641005566792884,,
0,0,5178,427,,0.0824642719196601,,0.0,1.0,0,24,19,0,,INSUFFICIENT_FOR_GATE,BOOM500,CANDLE_COMPRESSION,wf1,2.0,5,,,,,0.07692307692307693,0.0884814667198087,,,,,,
151,15,5178,427,0.09933774834437085,0.0824642719196601,1.2046155993610124,0.0351288056206089,0.2646,9999,24,19,19,4.0,INSUFFICIENT_FOR_GATE,BOOM500,CANDLE_STRUCTURE,wf1,2.0,5,0.06112740580376716,0.15742813531834549,0.04861111111111111,0.15267705682782012,0.07692307692307693,0.0884814667198087,0.5722208344243708,1.8858212783593176,-0.03589938508839354,0.07130407258284836,,
232,30,5178,427,0.12931034482758622,0.0824642719196601,1.5680772026164904,0.0702576112412178,0.0018,9999,24,19,19,4.0,INSUFFICIENT_FOR_GATE,BOOM500,SR_ALIGNMENT,wf1,2.0,5,0.09210078121181584,0.1785957245676519,0.0945945945945946,0.16182572614107885,0.07692307692307693,0.0884814667198087,1.15262545973285,1.9796015029231848,0.0127351156668167,0.07966096395603584,,
181,8,5178,427,0.04419889502762431,0.0824642719196601,0.5359762961429476,0.01873536299765808,1.0,9999,24,19,19,2.0,INSUFFICIENT_FOR_GATE,BOOM500,ATR_BB_COMPRESSION,wf1,2.0,5,0.022563788906525183,0.08477933069058521,0.016124719682594445,0.07602339181286549,0.07692307692307693,0.0884814667198087,0.20184939060875057,0.8757434716831943,-0.06431796818026023,-0.010698942080472274,,
14,2,5178,427,0.14285714285714285,0.0824642719196601,1.732351957176313,0.00468384074941452,0.2342,9999,24,19,10,1.5,INSUFFICIENT_FOR_GATE,BOOM500,CRT_ATR,wf1,2.0,5,0.040093921271464966,0.39941379496970353,0.0,0.3333333333333333,0.07692307692307693,0.0884814667198087,0.0,4.209543504901955,-0.08598726114649681,0.2556533169533169,,
40,4,5178,427,0.1,0.0824642719196601,1.2126463700234191,0.00936768149882904,0.3392,9999,24,19,17,2.5,INSUFFICIENT_FOR_GATE,BOOM500,CRT_BB,wf1,2.0,5,0.03957952868260638,0.23051775227522298,0.023255813953488372,0.2,0.07692307692307693,0.0884814667198087,0.2762935899162195,2.4978326475156285,-0.06160912830224091,0.1194693370517601,,
0,0,5178,427,,0.0824642719196601,,0.0,1.0,0,24,19,0,,INSUFFICIENT_FOR_GATE,BOOM500,CRT_CANDLE_COMPRESSION,wf1,2.0,5,,,,,0.07692307692307693,0.0884814667198087,,,,,,
9,1,5178,427,0.1111111111111111,0.0824642719196601,1.3473848555815768,0.00234192037470726,0.344703411023307,9996,24,19,7,1.0,INSUFFICIENT_FOR_GATE,BOOM500,CRT_CANDLE_STRUCTURE,wf1,2.0,5,0.019890887638544907,0.434999705576656,0.0,0.3,0.07692307692307693,0.0884814667198087,0.0,3.7260429127424053,-0.08771929824561403,0.2196328212813788,,
5,0,5178,427,0.0,0.0824642719196601,0.0,0.0,1.0,9896,24,19,4,,INSUFFICIENT_FOR_GATE,BOOM500,CRT_SR,wf1,2.0,5,0.0,0.43448246478317476,0.0,0.0,0.07692307692307693,0.0884814667198087,0.0,0.0,-0.0884814667198087,-0.07692307692307693,,
75,10,5178,808,0.13333333333333333,0.1560448049439938,0.8544554455445545,0.012376237623762377,1.0,9999,24,19,18,3.0,INSUFFICIENT_FOR_GATE,BOOM500,CRT,wf1,2.0,10,0.07406584704043956,0.2283316374469514,0.07575757575757576,0.2,0.14627341570346752,0.1653163019043847,0.4693986377372368,1.315129355438165,-0.0849737926396836,0.04752182256942446,,
34,4,5178,808,0.11764705882352941,0.1560448049439938,0.7539312754804892,0.0049504950495049506,1.0,9999,24,19,16,4.5,INSUFFICIENT_FOR_GATE,BOOM500,CRT_MSS,wf1,2.0,10,0.04671446664882335,0.26620842770371833,0.02702702702702703,0.24,0.14627341570346752,0.1653163019043847,0.17214299557032117,1.5345784371998688,-0.1313121003599652,0.08267322330719107,,
52,7,5178,808,0.1346153846153846,0.1560448049439938,0.8626713632901752,0.008663366336633664,1.0,9999,24,19,17,6.0,INSUFFICIENT_FOR_GATE,BOOM500,CRT_DISPLACEMENT,wf1,2.0,10,0.06676881705396139,0.25273320165193797,0.05965759438103601,0.2222222222222222,0.14627341570346752,0.1653163019043847,0.3706989882257304,1.4575161591803125,-0.10124611674077964,0.06895084328386569,,
34,4,5178,808,0.11764705882352941,0.1560448049439938,0.7539312754804892,0.0049504950495049506,1.0,9999,24,19,16,4.5,INSUFFICIENT_FOR_GATE,BOOM500,CRT_MSS_DISPLACEMENT,wf1,2.0,10,0.04671446664882335,0.26620842770371833,0.02702702702702703,0.24,0.14627341570346752,0.1653163019043847,0.17214299557032117,1.5345784371998688,-0.1313121003599652,0.08267322330719107,,
15,3,5178,808,0.2,0.1560448049439938,1.281683168316832,0.0037128712871287127,0.3242,9999,24,19,12,2.0,INSUFFICIENT_FOR_GATE,BOOM500,CRT_MSS_DISPLACEMENT_FVG,wf1,2.0,10,0.07047549346981563,0.45185448715169363,0.0,0.4166666666666667,0.14627341570346752,0.1653163019043847,0.0,2.692057840557057,-0.1557086156503255,0.26348356863966715,,
439,69,5178,808,0.1571753986332574,0.1560448049439938,1.007245314508672,0.0853960396039604,0.4615,9999,24,19,19,5.0,INSUFFICIENT_FOR_GATE,BOOM500,ATR_COMPRESSION,wf1,2.0,10,0.12612021971833445,0.1941782889136803,0.12682751779670906,0.1872251382510076,0.14627341570346752,0.1653163019043847,0.8249562682049986,1.189805619974179,-0.02734377255839202,0.029636058002668227,,
377,67,5178,808,0.17771883289124668,0.1560448049439938,1.138896184048113,0.08292079207920793,0.1143,9999,24,19,19,5.0,INSUFFICIENT_FOR_GATE,BOOM500,BB_SQUEEZE,wf1,2.0,10,0.142439157157989,0.21950005830329816,0.14210455764075067,0.2155230504693744,0.14627341570346752,0.1653163019043847,0.9246387607653863,1.360326233397058,-0.011802723416858544,0.05652499985572208,,
0,0,5178,808,,0.1560448049439938,,0.0,1.0,0,24,19,0,,INSUFFICIENT_FOR_GATE,BOOM500,CANDLE_COMPRESSION,wf1,2.0,10,,,,,0.14627341570346752,0.1653163019043847,,,,,,
151,25,5178,808,0.16556291390728478,0.1560448049439938,1.060996000262278,0.03094059405940594,0.3563,9999,24,19,19,4.0,INSUFFICIENT_FOR_GATE,BOOM500,CANDLE_STRUCTURE,wf1,2.0,10,0.11473088488245348,0.23298902960790507,0.1125749441592539,0.2229299363057325,0.14627341570346752,0.1653163019043847,0.7094585349781279,1.4621870892607536,-0.04619571699862162,0.07020307704231155,,
232,46,5178,808,0.19827586206896552,0.1560448049439938,1.2706341754865143,0.05693069306930693,0.0046,9999,24,19,19,5.0,INSUFFICIENT_FOR_GATE,BOOM500,SR_ALIGNMENT,wf1,2.0,10,0.1520691680268449,0.25431170877039627,0.16355140186915887,0.23318385650224216,0.14627341570346752,0.1653163019043847,1.0462265657303993,1.4831517603013362,0.007274953363818396,0.07540222533227853,,
181,21,5178,808,0.11602209944751381,0.1560448049439938,0.7435178600733001,0.02599009900990099,1.0,9999,24,19,19,6.0,INSUFFICIENT_FOR_GATE,BOOM500,ATR_BB_COMPRESSION,wf1,2.0,10,0.07714968513347734,0.17085451864833082,0.08,0.15,0.14627341570346752,0.1653163019043847,0.5179063844551425,0.9549619951409578,-0.07476662843920266,-0.007023469228899402,,
14,2,5178,808,0.14285714285714285,0.1560448049439938,0.9154879773691655,0.0024752475247524753,1.0,9999,24,19,10,1.5,INSUFFICIENT_FOR_GATE,BOOM500,CRT_ATR,wf1,2.0,10,0.040093921271464966,0.39941379496970353,0.0,0.3333333333333333,0.14627341570346752,0.1653163019043847,0.0,2.2450059572440066,-0.16122213681783243,0.18724950619536732,,
40,6,5178,808,0.15,0.1560448049439938,0.9612623762376238,0.007425742574257425,1.0,9999,24,19,17,3.5,INSUFFICIENT_FOR_GATE,BOOM500,CRT_BB,wf1,2.0,10,0.0706118771732036,0.29072324366489705,0.058823529411764705,0.2558139534883721,0.14627341570346752,0.1653163019043847,0.3614572218661412,1.6648851185291837,-0.10391524156054174,0.10132482904764224,,
0,0,5178,808,,0.1560448049439938,,0.0,1.0,0,24,19,0,,INSUFFICIENT_FOR_GATE,BOOM500,CRT_CANDLE_COMPRESSION,wf1,2.0,10,,,,,0.14627341570346752,0.1653163019043847,,,,,,
9,1,5178,808,0.1111111111111111,0.1560448049439938,0.7120462046204621,0.0012376237623762376,1.0,9996,24,19,7,1.0,INSUFFICIENT_FOR_GATE,BOOM500,CRT_CANDLE_STRUCTURE,wf1,2.0,10,0.019890887638544907,0.434999705576656,0.0,0.3,0.14627341570346752,0.1653163019043847,0.0,1.9876256271440313,-0.16453313253012047,0.14892405162860042,,
5,0,5178,808,0.0,0.1560448049439938,0.0,0.0,1.0,9896,24,19,4,,INSUFFICIENT_FOR_GATE,BOOM500,CRT_SR,wf1,2.0,10,0.0,0.43448246478317476,0.0,0.0,0.14627341570346752,0.1653163019043847,0.0,0.0,-0.16528614457831325,-0.146309479205695,,
75,20,5178,1139,0.26666666666666666,0.21996910003862497,1.2122914837576821,0.01755926251097454,0.2032,9999,24,19,18,10.5,INSUFFICIENT_FOR_GATE,BOOM500,CRT,wf1,2.0,15,0.17976313631473848,0.3763079901772376,0.17204301075268819,0.3888888888888889,0.20575640845537424,0.2323681238768503,0.7710455109056509,1.7875087058968409,-0.05133873974690626,0.17124332626974303,,
34,6,5178,1139,0.17647058823529413,0.21996910003862497,0.8022517171925838,0.0052677787532923615,1.0,9999,24,19,16,6.5,INSUFFICIENT_FOR_GATE,BOOM500,CRT_MSS,wf1,2.0,15,0.0834896904537232,0.33513737399842747,0.06666666666666667,0.30303030303030304,0.20575640845537424,0.2323681238768503,0.2990726212258967,1.3995621086844512,-0.15718431579663783,0.08595123535147214,,
52,14,5178,1139,0.2692307692307692,0.21996910003862497,1.2239481326399675,0.012291483757682178,0.1864,9999,24,19,17,10.5,INSUFFICIENT_FOR_GATE,BOOM500,CRT_DISPLACEMENT,wf1,2.0,15,0.16768960295166516,0.40252219833627134,0.173871237458194,0.375,0.20575640845537424,0.2323681238768503,0.7790807937064798,1.7250213497416131,-0.04927204401420624,0.156802767538956,,
34,6,5178,1139,0.17647058823529413,0.21996910003862497,0.8022517171925838,0.0052677787532923615,1.0,9999,24,19,16,6.5,INSUFFICIENT_FOR_GATE,BOOM500,CRT_MSS_DISPLACEMENT,wf1,2.0,15,0.0834896904537232,0.33513737399842747,0.06666666666666667,0.30303030303030304,0.20575640845537424,0.2323681238768503,0.2990726212258967,1.3995621086844512,-0.15718431579663783,0.08595123535147214,,
15,5,5178,1139,0.3333333333333333,0.21996910003862497,1.5153643546971025,0.004389815627743635,0.1579,9999,24,19,12,7.0,INSUFFICIENT_FOR_GATE,BOOM500,CRT_MSS_DISPLACEMENT_FVG,wf1,2.0,15,0.15176324439714725,0.5828645226148023,0.11764705882352941,0.5555555555555556,0.20575640845537424,0.2323681238768503,0.5411958573542166,2.553933582457871,-0.10395837008894829,0.338323220523284,,
439,112,5178,1139,0.255125284738041,0.21996910003862497,1.1598232874219283,0.09833187006145742,0.008,9999,24,19,19,8.0,INSUFFICIENT_FOR_GATE,BOOM500,ATR_COMPRESSION,wf1,2.0,15,0.2165924162947491,0.29790651844240423,0.2202984929744946,0.289532293986637,0.20575640845537424,0.2323681238768503,1.0291538331658852,1.2899712685840712,0.006310222986442154,0.06453117349517964,,
377,95,5178,1139,0.2519893899204244,0.21996910003862497,1.1455672177418414,0.08340649692712906,0.0436,9999,24,19,19,7.0,INSUFFICIENT_FOR_GATE,BOOM500,BB_SQUEEZE,wf1,2.0,15,0.21081584861760577,0.2981661813875823,0.21186099877311765,0.2931937172774869,0.20575640845537424,0.2323681238768503,0.9784943915743919,1.3107766830138616,-0.004531712363559487,0.06936688196430191,,
0,0,5178,1139,,0.21996910003862497,,0.0,1.0,0,24,19,0,,INSUFFICIENT_FOR_GATE,BOOM500,CANDLE_COMPRESSION,wf1,2.0,15,,,,,0.20575640845537424,0.2323681238768503,,,,,,
151,37,5178,1139,0.24503311258278146,0.21996910003862497,1.1139433335852873,0.0324846356453029,0.2237,9999,24,19,19,6.0,INSUFFICIENT_FOR_GATE,BOOM500,CANDLE_STRUCTURE,wf1,2.0,15,0.1833183596332403,0.31939880289901323,0.17886178861788618,0.3046875,0.20575640845537424,0.2323681238768503,0.8047929878870559,1.4164459803484193,-0.04363457291704795,0.088605613440407,,
232,61,5178,1139,0.2629310344827586,0.21996910003862497,1.1953089521964215,0.053555750658472345,0.0145,9999,24,19,19,6.0,INSUFFICIENT_FOR_GATE,BOOM500,SR_ALIGNMENT,wf1,2.0,15,0.21047590254156862,0.32310907208483514,0.21962616822429906,0.3037383177570093,0.20575640845537424,0.2323681238768503,0.998124928434576,1.3748592282474768,-0.000410603014833411,0.08212626912125126,,
181,43,5178,1139,0.23756906077348067,0.21996910003862497,1.080011059425007,0.03775241439859526,0.2217,9999,24,19,19,11.0,INSUFFICIENT_FOR_GATE,BOOM500,ATR_BB_COMPRESSION,wf1,2.0,15,0.18142698602768575,0.3046190525282263,0.18674698795180722,0.28488534493958684,0.20575640845537424,0.2323681238768503,0.866804356095342,1.2732629728969407,-0.02905847419675195,0.06054976120381392,,
14,4,5178,1139,0.2857142857142857,0.21996910003862497,1.2988837325975164,0.003511852502194908,0.3032,9999,24,19,10,6.5,INSUFFICIENT_FOR_GATE,BOOM500,CRT_ATR,wf1,2.0,15,0.11721378644576919,0.5464908432989318,0.0,0.5714285714285714,0.20575640845537424,0.2323681238768503,0.0,2.628631060409644,-0.2174749342537804,0.3506081615456612,,
40,10,5178,1139,0.25,0.21996910003862497,1.136523266022827,0.00877963125548727,0.3484,9999,24,19,17,8.5,INSUFFICIENT_FOR_GATE,BOOM500,CRT_BB,wf1,2.0,15,0.14187118639096302,0.40193961420768026,0.1,0.425,0.20575640845537424,0.2323681238768503,0.45167523314042446,1.9513250841173648,-0.12170722286597141,0.20693192008768432,,
0,0,5178,1139,,0.21996910003862497,,0.0,1.0,0,24,19,0,,INSUFFICIENT_FOR_GATE,BOOM500,CRT_CANDLE_COMPRESSION,wf1,2.0,15,,,,,0.20575640845537424,0.2323681238768503,,,,,,
9,2,5178,1139,0.2222222222222222,0.21996910003862497,1.0102429031314017,0.001755926251097454,0.45233570071021306,9996,24,19,7,6.0,INSUFFICIENT_FOR_GATE,BOOM500,CRT_CANDLE_STRUCTURE,wf1,2.0,15,0.06322510711784671,0.5474110308930111,0.0,0.6,0.20575640845537424,0.2323681238768503,0.0,2.769644595295594,-0.23076923076923078,0.38383260692672416,,
5,1,5178,1139,0.2,0.21996910003862497,0.9092186128182617,0.000877963125548727,1.0,9896,24,19,4,11.0,INSUFFICIENT_FOR_GATE,BOOM500,CRT_SR,wf1,2.0,15,0.03622410863243014,0.6244653702374747,0.0,0.8,0.20575640845537424,0.2323681238768503,0.0,3.83414616394254,-0.23061042467453177,0.5913464079011814,,
75,23,5178,1795,0.30666666666666664,0.3466589416763229,0.8846350974930361,0.012813370473537604,1.0,9999,24,19,18,11.0,INSUFFICIENT_FOR_GATE,BOOM500,CRT,wf1,2.0,30,0.21386867086778077,0.4183045482255708,0.21621621621621623,0.41430313588850154,0.32315615093731925,0.3676581325301205,0.6164746592457168,1.2109259985827567,-0.13498132166229665,0.07188878288211781,,
34,11,5178,1795,0.3235294117647059,0.3466589416763229,0.9332787153858759,0.006128133704735376,1.0,9999,24,19,16,15.0,INSUFFICIENT_FOR_GATE,BOOM500,CRT_MSS,wf1,2.0,30,0.1913164356402551,0.49157105406091794,0.18421052631578946,0.4857528957528952,0.32315615093731925,0.3676581325301205,0.5115693103992232,1.4519978266215063,-0.1763016353417619,0.15266225759915505,,
52,16,5178,1795,0.3076923076923077,0.3466589416763229,0.8875937433040498,0.008913649025069638,1.0,9999,24,19,17,12.0,INSUFFICIENT_FOR_GATE,BOOM500,CRT_DISPLACEMENT,wf1,2.0,30,0.1991472794928904,0.4426958882470567,0.23076923076923078,0.39622641509433965,0.32315615093731925,0.3676581325301205,0.6594611461229343,1.1556725046921124,-0.12072178048719943,0.053221019504676545,,
34,11,5178,1795,0.3235294117647059,0.3466589416763229,0.9332787153858759,0.006128133704735376,1.0,9999,24,19,16,15.0,INSUFFICIENT_FOR_GATE,BOOM500,CRT_MSS_DISPLACEMENT,wf1,2.0,30,0.1913164356402551,0.49157105406091794,0.18421052631578946,0.4857528957528952,0.32315615093731925,0.3676581325301205,0.5115693103992232,1.4519978266215063,-0.1763016353417619,0.15266225759915505,,
15,7,5178,1795,0.4666666666666667,0.3466589416763229,1.3461838440111422,0.0038997214484679664,0.2056,9999,24,19,12,11.0,INSUFFICIENT_FOR_GATE,BOOM500,CRT_MSS_DISPLACEMENT_FVG,wf1,2.0,30,0.24809535365737387,0.698830199745016,0.2,0.7333333333333333,0.32315615093731925,0.3676581325301205,0.5559329568252398,2.1974696339503206,-0.15972715243945118,0.3994974732844082,,
439,173,5178,1795,0.3940774487471526,0.3466589416763229,1.1367872031268837,0.09637883008356546,0.0007,9999,24,19,19,12.0,INSUFFICIENT_FOR_GATE,BOOM500,ATR_COMPRESSION,wf1,2.0,30,0.3494752812562295,0.44051728121146927,0.351288056206089,0.43371196962700725,0.32315615093731925,0.3676581325301205,1.0456104146621923,1.2244179240464852,0.015719824483280558,0.0782803598227897,,
377,132,5178,1795,0.35013262599469497,0.3466589416763229,1.0100204665184014,0.07353760445682452,0.4441,9999,24,19,19,10.0,INSUFFICIENT_FOR_GATE,BOOM500,BB_SQUEEZE,wf1,2.0,30,0.30371283470145904,0.39957577166531233,0.3064935064935065,0.3958333333333333,0.32315615093731925,0.3676581325301205,0.9056096804531935,1.123323002323878,-0.03261814222155331,0.042528283450061745,,
0,0,5178,1795,,0.3466589416763229,,0.0,1.0,0,24,19,0,,INSUFFICIENT_FOR_GATE,BOOM500,CANDLE_COMPRESSION,wf1,2.0,30,,,,,0.32315615093731925,0.3676581325301205,,,,,,
151,65,5178,1795,0.4304635761589404,0.3466589416763229,1.241749524986626,0.036211699164345405,0.0015,9999,24,19,19,12.0,INSUFFICIENT_FOR_GATE,BOOM500,CANDLE_STRUCTURE,wf1,2.0,30,0.35418061392698924,0.5101967940363527,0.3718955287137105,0.4868421052631579,0.32315615093731925,0.3676581325301205,1.0819059814871415,1.3984041066097155,0.028358287074513638,0.13683586716424695,,
232,92,5178,1795,0.39655172413793105,0.3466589416763229,1.1439246950340987,0.05125348189415042,0.0118,9999,24,19,19,10.5,INSUFFICIENT_FOR_GATE,BOOM500,SR_ALIGNMENT,wf1,2.0,30,0.3357818848481461,0.46069155862519373,0.3440366972477064,0.4484304932735426,0.32315615093731925,0.3676581325301205,1.0094142401581838,1.2648312191280942,0.0032384981055035827,0.09288178577368489,,
181,66,5178,1795,0.36464088397790057,0.3466589416763229,1.051872143307838,0.03676880222841226,0.3046,9999,24,19,19,12.0,INSUFFICIENT_FOR_GATE,BOOM500,ATR_BB_COMPRESSION,wf1,2.0,30,0.29800796600796137,0.43689999072087754,0.2810810810810811,0.4482758620689655,0.32315615093731925,0.3676581325301205,0.8395629329116454,1.267788074470476,-0.05367745221620343,0.09411744110092554,,
14,5,5178,1795,0.35714285714285715,0.3466589416763229,1.0302427377636292,0.002785515320334262,0.4527,9999,24,19,10,11.0,INSUFFICIENT_FOR_GATE,BOOM500,CRT_ATR,wf1,2.0,30,0.1634473175355414,0.612355768960926,0.08333333333333333,0.6666666666666666,0.32315615093731925,0.3676581325301205,0.24347224749917237,1.905437334833273,-0.2606320189568057,0.31381153290835756,,
40,10,5178,1795,0.25,0.3466589416763229,0.7211699164345404,0.005571030640668524,1.0,9999,24,19,17,8.5,INSUFFICIENT_FOR_GATE,BOOM500,CRT_BB,wf1,2.0,30,0.14187118639096302,0.40193961420768026,0.1,0.425,0.32315615093731925,0.3676581325301205,0.28958451553269304,1.2327815141427643,-0.24870706679662866,0.0805657891820164,,
0,0,5178,1795,,0.3466589416763229,,0.0,1.0,0,24,19,0,,INSUFFICIENT_FOR_GATE,BOOM500,CRT_CANDLE_COMPRESSION,wf1,2.0,30,,,,,0.32315615093731925,0.3676581325301205,,,,,,
9,3,5178,1795,0.3333333333333333,0.3466589416763229,0.9615598885793872,0.001671309192200557,1.0,9996,24,19,7,11.0,INSUFFICIENT_FOR_GATE,BOOM500,CRT_CANDLE_STRUCTURE,wf1,2.0,30,0.1205838183869109,0.6457978644196036,0.0,0.6666666666666666,0.32315615093731925,0.3676581325301205,0.0,1.893783414275803,-0.35617933802419455,0.3126098142570281,,
5,1,5178,1795,0.2,0.3466589416763229,0.5769359331476324,0.0005571030640668524,1.0,9896,24,19,4,11.0,INSUFFICIENT_FOR_GATE,BOOM500,CRT_SR,wf1,2.0,30,0.03622410863243014,0.6244653702374747,0.0,0.8,0.32315615093731925,0.3676581325301205,0.0,2.4060311782218706,-0.36358763099939595,0.46749903440099855,,
75,2,5178,154,0.02666666666666667,0.02974121282348397,0.8966233766233767,0.012987012987012988,1.0,9999,24,19,18,2.5,INSUFFICIENT_FOR_GATE,BOOM500,CRT,wf1,3.0,5,0.0073436890061313945,0.09211488187759151,0.0,0.07142857142857142,0.025749423520368946,0.033834890150231146,0.0,2.2524462097202624,-0.02989546484463653,0.03965669744804266,,
34,1,5178,154,0.029411764705882353,0.02974121282348397,0.9889228418640182,0.006493506493506494,1.0,9999,24,19,16,3.0,INSUFFICIENT_FOR_GATE,BOOM500,CRT_MSS,wf1,3.0,5,0.0052109062762689395,0.1491557329268593,0.0,0.1,0.025749423520368946,0.033834890150231146,0.0,3.1888502354346744,-0.032003012048192774,0.0687191631754953,,
52,1,5178,154,0.019230769230769232,0.02974121282348397,0.6466033966033966,0.006493506493506494,1.0,9999,24,19,17,3.0,INSUFFICIENT_FOR_GATE,BOOM500,CRT_DISPLACEMENT,wf1,3.0,5,0.0034028080709451597,0.10120511127892247,0.0,0.06818181818181818,0.025749423520368946,0.033834890150231146,0.0,2.208194013303769,-0.032003012048192774,0.0368586930897049,,
34,1,5178,154,0.029411764705882353,0.02974121282348397,0.9889228418640182,0.006493506493506494,1.0,9999,24,19,16,3.0,INSUFFICIENT_FOR_GATE,BOOM500,CRT_MSS_DISPLACEMENT,wf1,3.0,5,0.0052109062762689395,0.1491557329268593,0.0,0.1,0.025749423520368946,0.033834890150231146,0.0,3.1888502354346744,-0.032003012048192774,0.0687191631754953,,
15,2,5178,154,0.13333333333333333,0.02974121282348397,4.483116883116883,0.012987012987012988,0.1102,9999,24,19,12,2.5,INSUFFICIENT_FOR_GATE,BOOM500,CRT_MSS_DISPLACEMENT_FVG,wf1,3.0,5,0.03736125910306537,0.37881982832322364,0.0,0.3125,0.025749423520368946,0.033834890150231146,0.0,10.208078054098813,-0.02989546484463653,0.28018906830829127,,
439,13,5178,154,0.029612756264236904,0.02974121282348397,0.9956808567286928,0.08441558441558442,1.0,9999,24,19,19,4.0,INSUFFICIENT_FOR_GATE,BOOM500,ATR_COMPRESSION,wf1,3.0,5,0.01738608605515554,0.050000239742260116,0.016018306636155607,0.04460093896713615,0.025749423520368946,0.033834890150231146,0.5529260884387301,1.5076697201542302,-0.013192186612849289,0.014753490542272188,,
377,14,5178,154,0.03713527851458886,0.02974121282348397,1.2486134555100072,0.09090909090909091,0.2315,9999,24,19,19,3.0,INSUFFICIENT_FOR_GATE,BOOM500,BB_SQUEEZE,wf1,3.0,5,0.022247433039907418,0.06136074060613872,0.01975134759172318,0.05621566609664186,0.025749423520368946,0.033834890150231146,0.6322085094392788,1.9785312698600412,-0.011717524865289233,0.02764426443619397,,
0,0,5178,154,,0.02974121282348397,,0.0,1.0,0,24,19,0,,INSUFFICIENT_FOR_GATE,BOOM500,CANDLE_COMPRESSION,wf1,3.0,5,,,,,0.025749423520368946,0.033834890150231146,,,,,,
151,6,5178,154,0.039735099337748346,0.02974121282348397,1.3360282102003957,0.03896103896103896,0.2355,9999,24,19,19,3.5,INSUFFICIENT_FOR_GATE,BOOM500,CANDLE_STRUCTURE,wf1,3.0,5,0.018336067205401298,0.08397153788529008,0.012738853503184714,0.06875,0.025749423520368946,0.033834890150231146,0.4389896626953691,2.301536032156187,-0.017358298190771972,0.03809098500513934,,
232,17,5178,154,0.07327586206896551,0.02974121282348397,2.463781907747425,0.11038961038961038,0.0014,9999,24,19,19,4.0,INSUFFICIENT_FOR_GATE,BOOM500,SR_ALIGNMENT,wf1,3.0,5,0.04625011264276735,0.11420284168475942,0.04371452066422622,0.10169866506674662,0.025749423520368946,0.033834890150231146,1.4365671778522875,3.540716965600951,0.01324240597758599,0.07242473209117253,,
181,4,5178,154,0.022099447513812154,0.02974121282348397,0.7430580469254502,0.025974025974025976,1.0,9999,24,19,19,2.0,INSUFFICIENT_FOR_GATE,BOOM500,ATR_BB_COMPRESSION,wf1,3.0,5,0.008626812097932444,0.05543597390388633,0.005405405405405406,0.041916167664670656,0.025749423520368946,0.033834890150231146,0.16873076241218002,1.5096479738386153,-0.027020082954157334,0.013975559758727116,,
14,0,5178,154,0.0,0.02974121282348397,0.0,0.0,1.0,9999,24,19,10,,INSUFFICIENT_FOR_GATE,BOOM500,CRT_ATR,wf1,3.0,5,1.3877787807814457e-17,0.2153108027376358,0.0,0.0,0.025749423520368946,0.033834890150231146,0.0,0.0,-0.033834890150231174,-0.025749423520368946,,
40,2,5178,154,0.05,0.02974121282348397,1.6811688311688313,0.012987012987012988,0.2709,9999,24,19,17,2.5,INSUFFICIENT_FOR_GATE,BOOM500,CRT_BB,wf1,3.0,5,0.013820667386148344,0.16503877369140962,0.0,0.13793103448275862,0.025749423520368946,0.033834890150231146,0.0,4.3612775815074665,-0.02989546484463653,0.10610507472628117,,
0,0,5178,154,,0.02974121282348397,,0.0,1.0,0,24,19,0,,INSUFFICIENT_FOR_GATE,BOOM500,CRT_CANDLE_COMPRESSION,wf1,3.0,5,,,,,0.025749423520368946,0.033834890150231146,,,,,,
9,0,5178,154,0.0,0.02974121282348397,0.0,0.0,1.0,9996,24,19,7,,INSUFFICIENT_FOR_GATE,BOOM500,CRT_CANDLE_STRUCTURE,wf1,3.0,5,0.0,0.2991450484195441,0.0,0.0,0.025749423520368946,0.033834890150231146,0.0,0.0,-0.03383763056196367,-0.025749423520368946,,
5,0,5178,154,0.0,0.02974121282348397,0.0,0.0,1.0,9896,24,19,4,,INSUFFICIENT_FOR_GATE,BOOM500,CRT_SR,wf1,3.0,5,0.0,0.43448246478317476,0.0,0.0,0.025749423520368946,0.033834890150231146,0.0,0.0,-0.03379683275395906,-0.02573775469292551,,
75,5,5178,387,0.06666666666666667,0.07473928157589803,0.8919896640826873,0.012919896640826873,1.0,9999,24,19,18,7.0,INSUFFICIENT_FOR_GATE,BOOM500,CRT,wf1,3.0,10,0.02881006289949372,0.14675060058560468,0.024096385542168676,0.11594202898550725,0.06754658385093168,0.08149864812668985,0.3293915343915344,1.532423206445444,-0.05107000265617478,0.04008574922682547,,
34,3,5178,387,0.08823529411764706,0.07473928157589803,1.180574555403557,0.007751937984496124,0.3764,9999,24,19,16,6.0,INSUFFICIENT_FOR_GATE,BOOM500,CRT_MSS,wf1,3.0,10,0.030465943674648555,0.22960486562808868,0.0,0.20689655172413793,0.06754658385093168,0.08149864812668985,0.0,2.6482138154516863,-0.07157018239492466,0.12744533340521538,,
52,4,5178,387,0.07692307692307693,0.07473928157589803,1.0292188431723317,0.0103359173126615,0.4622,9999,24,19,17,7.5,INSUFFICIENT_FOR_GATE,BOOM500,CRT_DISPLACEMENT,wf1,3.0,10,0.030319345184930124,0.1817356238429534,0.017857142857142856,0.15555555555555556,0.06754658385093168,0.08149864812668985,0.23888120980585634,2.095244351921367,-0.05800558215754436,0.0806402545956053,,
34,3,5178,387,0.08823529411764706,0.07473928157589803,1.180574555403557,0.007751937984496124,0.3764,9999,24,19,16,6.0,INSUFFICIENT_FOR_GATE,BOOM500,CRT_MSS_DISPLACEMENT,wf1,3.0,10,0.030465943674648555,0.22960486562808868,0.0,0.20689655172413793,0.06754658385093168,0.08149864812668985,0.0,2.6482138154516863,-0.07157018239492466,0.12744533340521538,,
15,3,5178,387,0.2,0.07473928157589803,2.675968992248062,0.007751937984496124,0.1229,9999,24,19,12,3.0,INSUFFICIENT_FOR_GATE,BOOM500,CRT_MSS_DISPLACEMENT_FVG,wf1,3.0,10,0.07047549346981563,0.45185448715169363,0.0,0.4166666666666667,0.06754658385093168,0.08149864812668985,0.0,5.474499437080528,-0.07157018239492466,0.34200519181991096,,
439,36,5178,387,0.08200455580865604,0.07473928157589803,1.0972082428351964,0.09302325581395349,0.2242,9999,24,19,19,7.0,INSUFFICIENT_FOR_GATE,BOOM500,ATR_COMPRESSION,wf1,3.0,10,0.05982026976475642,0.11144070255401246,0.05869074492099323,0.10549616212932793,0.06754658385093168,0.08149864812668985,0.8294593094322937,1.3460375297713065,-0.012278014005880461,0.026807646253109534,,
377,40,5178,387,0.10610079575596817,0.07473928157589803,1.419612197479078,0.10335917312661498,0.0239,9999,24,19,19,6.5,INSUFFICIENT_FOR_GATE,BOOM500,BB_SQUEEZE,wf1,3.0,10,0.07888984304719211,0.14125808696104777,0.07616582895770714,0.13904094207475398,0.06754658385093168,0.08149864812668985,1.0275726912992325,1.8290532615476796,0.002030619271665836,0.062268438265874165,,
0,0,5178,387,,0.07473928157589803,,0.0,1.0,0,24,19,0,,INSUFFICIENT_FOR_GATE,BOOM500,CANDLE_COMPRESSION,wf1,3.0,10,,,,,0.06754658385093168,0.08149864812668985,,,,,,
151,18,5178,387,0.11920529801324503,0.07473928157589803,1.594948405975666,0.046511627906976744,0.0172,9999,24,19,19,6.0,INSUFFICIENT_FOR_GATE,BOOM500,CANDLE_STRUCTURE,wf1,3.0,10,0.0767479276924456,0.1805569254401408,0.08275862068965517,0.15789473684210525,0.06754658385093168,0.08149864812668985,1.0972522443198605,2.183835478964827,0.007318296999588696,0.08528200647499298,,
232,28,5178,387,0.1206896551724138,0.07473928157589803,1.6148088746324514,0.07235142118863049,0.0021,9999,24,19,19,5.0,INSUFFICIENT_FOR_GATE,BOOM500,SR_ALIGNMENT,wf1,3.0,10,0.08483529222070792,0.16890066718153818,0.08636017535763729,0.15267363591922684,0.06754658385093168,0.08149864812668985,1.1433432033293416,2.0694167036609694,0.010987226925274936,0.07814186691422714,,
181,11,5178,387,0.06077348066298342,0.07473928157589803,0.8131397490256542,0.028423772609819122,1.0,9999,24,19,19,7.0,INSUFFICIENT_FOR_GATE,BOOM500,ATR_BB_COMPRESSION,wf1,3.0,10,0.03427040873730037,0.10553296105627874,0.03124190414507772,0.09151994130985702,0.06754658385093168,0.08149864812668985,0.4204435221186579,1.2112427771071352,-0.042971427784952346,0.015796329281565682,,
14,0,5178,387,0.0,0.07473928157589803,0.0,0.0,1.0,9999,24,19,10,,INSUFFICIENT_FOR_GATE,BOOM500,CRT_ATR,wf1,3.0,10,1.3877787807814457e-17,0.2153108027376358,0.0,0.0,0.06754658385093168,0.08149864812668985,0.0,0.0,-0.08149864812668985,-0.06754658385093168,,
40,4,5178,387,0.1,0.07473928157589803,1.337984496124031,0.0103359173126615,0.2949,9999,24,19,17,6.0,INSUFFICIENT_FOR_GATE,BOOM500,CRT_BB,wf1,3.0,10,0.03957952868260638,0.23051775227522298,0.023255813953488372,0.2,0.06754658385093168,0.08149864812668985,0.3129620992826707,2.702295502191728,-0.05235163386443751,0.12756453803868087,,
0,0,5178,387,,0.07473928157589803,,0.0,1.0,0,24,19,0,,INSUFFICIENT_FOR_GATE,BOOM500,CRT_CANDLE_COMPRESSION,wf1,3.0,10,,,,,0.06754658385093168,0.08149864812668985,,,,,,
9,0,5178,387,0.0,0.07473928157589803,0.0,0.0,1.0,9996,24,19,7,,INSUFFICIENT_FOR_GATE,BOOM500,CRT_CANDLE_STRUCTURE,wf1,3.0,10,0.0,0.2991450484195441,0.0,0.0,0.06754658385093168,0.08149864812668985,0.0,0.0,-0.08149864812668985,-0.06754658385093168,,
5,0,5178,387,0.0,0.07473928157589803,0.0,0.0,1.0,9896,24,19,4,,INSUFFICIENT_FOR_GATE,BOOM500,CRT_SR,wf1,3.0,10,0.0,0.43448246478317476,0.0,0.0,0.06754658385093168,0.08149864812668985,0.0,0.0,-0.08149119520419633,-0.06754658385093168,,
75,12,5178,582,0.16,0.11239860950173812,1.4235051546391753,0.020618556701030927,0.0894,9999,24,19,18,11.0,INSUFFICIENT_FOR_GATE,BOOM500,CRT,wf1,3.0,15,0.09396513603576141,0.25916707685254664,0.10144927536231885,0.23076923076923078,0.1035968527538404,0.12090275101327266,0.881467618203298,2.0946287388247,-0.013665492421042775,0.12013962453718027,,
34,4,5178,582,0.11764705882352941,0.11239860950173812,1.0466949666464525,0.006872852233676976,0.4485,9999,24,19,16,7.5,INSUFFICIENT_FOR_GATE,BOOM500,CRT_MSS,wf1,3.0,15,0.04671446664882335,0.26620842770371833,0.027777777777777776,0.23529411764705882,0.1035968527538404,0.12090275101327266,0.24254276623755994,2.129477511643072,-0.08672770328938369,0.12444627956289958,,
52,8,5178,582,0.15384615384615385,0.11239860950173812,1.3687549563838224,0.013745704467353952,0.1701,9999,24,19,17,10.5,INSUFFICIENT_FOR_GATE,BOOM500,CRT_DISPLACEMENT,wf1,3.0,15,0.08007685016780322,0.2752408517641015,0.0784313725490196,0.23636363636363636,0.1035968527538404,0.12090275101327266,0.6809182590355406,2.1560808157547195,-0.03649519452691265,0.12616621322971636,,
34,4,5178,582,0.11764705882352941,0.11239860950173812,1.0466949666464525,0.006872852233676976,0.4485,9999,24,19,16,7.5,INSUFFICIENT_FOR_GATE,BOOM500,CRT_MSS_DISPLACEMENT,wf1,3.0,15,0.04671446664882335,0.26620842770371833,0.027777777777777776,0.23529411764705882,0.1035968527538404,0.12090275101327266,0.24254276623755994,2.129477511643072,-0.08672770328938369,0.12444627956289958,,
15,3,5178,582,0.2,0.11239860950173812,1.7793814432989692,0.005154639175257732,0.1978,9999,24,19,12,3.0,INSUFFICIENT_FOR_GATE,BOOM500,CRT_MSS_DISPLACEMENT_FVG,wf1,3.0,15,0.07047549346981563,0.45185448715169363,0.0,0.4166666666666667,0.1035968527538404,0.12090275101327266,0.0,3.7199075434369546,-0.11109029599100786,0.3062721459796346,,
439,57,5178,582,0.12984054669703873,0.11239860950173812,1.1551792969025199,0.0979381443298969,0.1098,9999,24,19,19,9.0,INSUFFICIENT_FOR_GATE,BOOM500,ATR_COMPRESSION,wf1,3.0,15,0.1015812116755456,0.16452182920619793,0.0967741935483871,0.16326758891476048,0.1035968527538404,0.12090275101327266,0.902880879151211,1.4026727399204577,-0.01054396287422873,0.04656745050252472,,
377,56,5178,582,0.14854111405835543,0.11239860950173812,1.3215565096119664,0.09621993127147767,0.004,9999,24,19,19,9.0,INSUFFICIENT_FOR_GATE,BOOM500,BB_SQUEEZE,wf1,3.0,15,0.1161931893082761,0.1879792061536214,0.1172069825436409,0.18051774912448262,0.1035968527538404,0.12090275101327266,1.088329304469543,1.5502204786238922,0.009524035504878065,0.06346603288646686,,
0,0,5178,582,,0.11239860950173812,,0.0,1.0,0,24,19,0,,INSUFFICIENT_FOR_GATE,BOOM500,CANDLE_COMPRESSION,wf1,3.0,15,,,,,0.1035968527538404,0.12090275101327266,,,,,,
151,23,5178,582,0.152317880794702,0.11239860950173812,1.3551580528435858,0.03951890034364261,0.0862,9999,24,19,19,7.0,INSUFFICIENT_FOR_GATE,BOOM500,CANDLE_STRUCTURE,wf1,3.0,15,0.1036926122210518,0.21819442759565755,0.10236220472440945,0.20987654320987653,0.1035968527538404,0.12090275101327266,0.906140856260938,1.9128445955661908,-0.010825113756291617,0.0990416842478697,,
232,37,5178,582,0.15948275862068967,0.11239860950173812,1.4189033060789196,0.06357388316151202,0.0034,9999,24,19,19,7.0,INSUFFICIENT_FOR_GATE,BOOM500,SR_ALIGNMENT,wf1,3.0,15,0.11797414935320577,0.21208426874653785,0.1227229845626072,0.19444444444444445,0.1035968527538404,0.12090275101327266,1.0741621740567586,1.7424664622457569,0.008563522251003977,0.08192344339485394,,
181,20,5178,582,0.11049723756906077,0.11239860950173812,0.9830836703309221,0.03436426116838488,1.0,9999,24,19,19,10.0,INSUFFICIENT_FOR_GATE,BOOM500,ATR_BB_COMPRESSION,wf1,3.0,15,0.072677100950579,0.16450701943240625,0.07058823529411765,0.14942528735632185,0.1035968527538404,0.12090275101327266,0.6544232583462791,1.2828071470211937,-0.03782896843336007,0.03279563274267337,,
14,3,5178,582,0.21428571428571427,0.11239860950173812,1.906480117820324,0.005154639175257732,0.1444,9999,24,19,10,13.0,INSUFFICIENT_FOR_GATE,BOOM500,CRT_ATR,wf1,3.0,15,0.07571386712693184,0.47589230586600295,0.0,0.4166666666666667,0.1035968527538404,0.12090275101327266,0.0,3.7682157830334373,-0.11260568793235973,0.30623573841388835,,
40,7,5178,582,0.175,0.11239860950173812,1.556958762886598,0.012027491408934709,0.1141,9999,24,19,17,10.0,INSUFFICIENT_FOR_GATE,BOOM500,CRT_BB,wf1,3.0,15,0.0874541374603592,0.31949990331787714,0.08333333333333333,0.2777777777777778,0.1035968527538404,0.12090275101327266,0.721217450633181,2.5229761956269443,-0.0318256542757172,0.1669601515696315,,
0,0,5178,582,,0.11239860950173812,,0.0,1.0,0,24,19,0,,INSUFFICIENT_FOR_GATE,BOOM500,CRT_CANDLE_COMPRESSION,wf1,3.0,15,,,,,0.1035968527538404,0.12090275101327266,,,,,,
9,1,5178,582,0.1111111111111111,0.11239860950173812,0.988545246277205,0.001718213058419244,1.0,9996,24,19,7,11.0,INSUFFICIENT_FOR_GATE,BOOM500,CRT_CANDLE_STRUCTURE,wf1,3.0,15,0.019890887638544907,0.434999705576656,0.0,0.3,0.1035968527538404,0.12090275101327266,0.0,2.7733002976749335,-0.12006578947368421,0.1919100506077355,,
5,1,5178,582,0.2,0.11239860950173812,1.7793814432989692,0.001718213058419244,0.3122158229766596,9896,24,19,4,11.0,INSUFFICIENT_FOR_GATE,BOOM500,CRT_SR,wf1,3.0,15,0.03622410863243014,0.6244653702374747,0.0,0.8,0.1035968527538404,0.12090275101327266,0.0,7.663000291466432,-0.11993923347083327,0.6952531726828011,,
75,15,5178,1129,0.2,0.21803785245268442,0.9172719220549159,0.013286093888396812,1.0,9999,24,19,18,13.0,INSUFFICIENT_FOR_GATE,BOOM500,CRT,wf1,3.0,30,0.1251214771419671,0.30411282834771647,0.14102564102564102,0.26229508196721313,0.20062716916436565,0.234375,0.6349686815430154,1.23353997631963,-0.08205913875643699,0.048894594839444125,,
34,10,5178,1129,0.29411764705882354,0.21803785245268442,1.3489292971395823,0.008857395925597875,0.1933,9999,24,19,16,17.0,INSUFFICIENT_FOR_GATE,BOOM500,CRT_MSS,wf1,3.0,30,0.1683463067042242,0.4616890979471443,0.15,0.46875,0.20062716916436565,0.234375,0.6840927482103952,2.1843617232300643,-0.07057713655285228,0.25388507253335457,,
52,13,5178,1129,0.25,0.21803785245268442,1.1465899025686448,0.011514614703277236,0.1861,9999,24,19,17,15.0,INSUFFICIENT_FOR_GATE,BOOM500,CRT_DISPLACEMENT,wf1,3.0,30,0.15233153863595772,0.3820645794259735,0.1836734693877551,0.3170731707317073,0.20062716916436565,0.234375,0.8256651783440192,1.4838611942412514,-0.038991347944480545,0.10205144621418223,,
34,10,5178,1129,0.29411764705882354,0.21803785245268442,1.3489292971395823,0.008857395925597875,0.1933,9999,24,19,16,17.0,INSUFFICIENT_FOR_GATE,BOOM500,CRT_MSS_DISPLACEMENT,wf1,3.0,30,0.1683463067042242,0.4616890979471443,0.15,0.46875,0.20062716916436565,0.234375,0.6840927482103952,2.1843617232300643,-0.07057713655285228,0.25388507253335457,,
15,6,5178,1129,0.4,0.21803785245268442,1.8345438441098318,0.005314437555358724,0.0954,9999,24,19,12,13.5,INSUFFICIENT_FOR_GATE,BOOM500,CRT_MSS_DISPLACEMENT_FVG,wf1,3.0,30,0.1982449614134158,0.6425316987937539,0.13333333333333333,0.6666666666666666,0.20062716916436565,0.234375,0.599185052008168,3.1038288189883394,-0.08936433232931726,0.4526815595716196,,
439,96,5178,1129,0.21867881548974943,0.21803785245268442,1.002939686984874,0.08503100088573959,0.4824,9999,24,19,19,13.0,INSUFFICIENT_FOR_GATE,BOOM500,ATR_COMPRESSION,wf1,3.0,30,0.1825435392163275,0.2596947718537976,0.18201225740551585,0.2540811737282325,0.20062716916436565,0.234375,0.8717453685387803,1.1236184179075503,-0.027554591349458007,0.027366223206787003,,
377,93,5178,1129,0.246684350132626,0.21803785245268442,1.1313831399351084,0.08237378210806023,0.0932,9999,24,19,19,12.0,INSUFFICIENT_FOR_GATE,BOOM500,BB_SQUEEZE,wf1,3.0,30,0.20586939907774982,0.29260957274573096,0.1994535519125683,0.2975871313672922,0.20062716916436565,0.234375,0.9488608378243157,1.3244957480908275,-0.0109650228270346,0.0714747541183302,,
0,0,5178,1129,,0.21803785245268442,,0.0,1.0,0,24,19,0,,INSUFFICIENT_FOR_GATE,BOOM500,CANDLE_COMPRESSION,wf1,3.0,30,,,,,0.20062716916436565,0.234375,,,,,,
151,41,5178,1129,0.271523178807947,0.21803785245268442,1.2453029405381308,0.03631532329495128,0.0434,9999,24,19,19,13.0,INSUFFICIENT_FOR_GATE,BOOM500,CANDLE_STRUCTURE,wf1,3.0,30,0.20691126888564731,0.3474716429939046,0.21739130434782608,0.3358808444656488,0.20062716916436565,0.234375,1.002758455994896,1.5342806515337872,0.0005690032156800016,0.1161958124818278,,
232,66,5178,1129,0.28448275862068967,0.21803785245268442,1.3047402339574234,0.05845881310894597,0.0008,9999,24,19,19,13.0,INSUFFICIENT_FOR_GATE,BOOM500,SR_ALIGNMENT,wf1,3.0,30,0.23030568219244732,0.3456806583770106,0.2369425068695836,0.3261802575107296,0.20062716916436565,0.234375,1.0755773201471601,1.5161618210602248,0.01690768589775812,0.10907033583383491,,
181,38,5178,1129,0.20994475138121546,0.21803785245268442,0.9628821281239448,0.03365810451727192,1.0,9999,24,19,19,15.0,INSUFFICIENT_FOR_GATE,BOOM500,ATR_BB_COMPRESSION,wf1,3.0,30,0.15695179474513432,0.2749938268166632,0.15568862275449102,0.26154293381037563,0.20062716916436565,0.234375,0.7502879117069272,1.1596425178338512,-0.05196799606555791,0.03572633069630872,,
14,3,5178,1129,0.21428571428571427,0.21803785245268442,0.9827913450588384,0.002657218777679362,1.0,9999,24,19,10,13.0,INSUFFICIENT_FOR_GATE,BOOM500,CRT_ATR,wf1,3.0,30,0.07571386712693184,0.47589230586600295,0.0,0.4166666666666667,0.20062716916436565,0.234375,0.0,1.9340873701630545,-0.21638340643274853,0.20008604685657502,,
40,7,5178,1129,0.175,0.21803785245268442,0.8026129317980514,0.006200177147918512,1.0,9999,24,19,17,10.0,INSUFFICIENT_FOR_GATE,BOOM500,CRT_BB,wf1,3.0,30,0.0874541374603592,0.31949990331787714,0.08333333333333333,0.2777777777777778,0.20062716916436565,0.234375,0.37638597542703023,1.29453611341317,-0.13845557978155523,0.06253158294232695,,
0,0,5178,1129,,0.21803785245268442,,0.0,1.0,0,24,19,0,,INSUFFICIENT_FOR_GATE,BOOM500,CRT_CANDLE_COMPRESSION,wf1,3.0,30,,,,,0.20062716916436565,0.234375,,,,,,
9,1,5178,1129,0.1111111111111111,0.21803785245268442,0.509595512252731,0.0008857395925597874,1.0,9996,24,19,7,11.0,INSUFFICIENT_FOR_GATE,BOOM500,CRT_CANDLE_STRUCTURE,wf1,3.0,30,0.019890887638544907,0.434999705576656,0.0,0.3,0.20062716916436565,0.234375,0.0,1.3997272087204147,-0.23136873523867305,0.08518230318708328,,
5,1,5178,1129,0.2,0.21803785245268442,0.9172719220549159,0.0008857395925597874,1.0,9896,24,19,4,11.0,INSUFFICIENT_FOR_GATE,BOOM500,CRT_SR,wf1,3.0,30,0.03622410863243014,0.6244653702374747,0.0,0.8,0.20062716916436565,0.234375,0.0,3.920086043221467,-0.23135990588826882,0.5921069118600656,,
68,11,5178,710,0.16176470588235295,0.13711857860177676,1.1797431648715824,0.015492957746478873,0.2346,9999,24,19,18,2.0,INSUFFICIENT_FOR_GATE,BOOM500,CRT,wf2,1.5,5,0.09280092222804136,0.26690027600612404,0.09230769230769231,0.23076923076923078,0.13150691394415634,0.1429421094369548,0.6804789465166825,1.6742458096048487,-0.04359115541869822,0.093155002891845,,
27,4,5178,710,0.14814814814814814,0.13711857860177676,1.0804381846635367,0.005633802816901409,0.4198,9999,24,19,11,2.0,INSUFFICIENT_FOR_GATE,BOOM500,CRT_MSS,wf2,1.5,5,0.05915927776244326,0.3247868542781298,0.0,0.2962962962962963,0.13150691394415634,0.1429421094369548,0.0,2.1457711961241372,-0.13403272254662751,0.15768738357324297,,
52,8,5178,710,0.15384615384615385,0.13711857860177676,1.121993499458288,0.011267605633802818,0.3689,9999,24,19,15,1.5,INSUFFICIENT_FOR_GATE,BOOM500,CRT_DISPLACEMENT,wf2,1.5,5,0.08007685016780322,0.2752408517641015,0.04918032786885246,0.3023255813953488,0.13150691394415634,0.1429421094369548,0.36919480004561944,2.1570096091306215,-0.08547306429488846,0.16194813820890944,,
25,4,5178,710,0.16,0.13711857860177676,1.1668732394366197,0.005633802816901409,0.3368,9999,24,19,11,2.0,INSUFFICIENT_FOR_GATE,BOOM500,CRT_MSS_DISPLACEMENT,wf2,1.5,5,0.0640345145667644,0.3465362160717886,0.0,0.2962962962962963,0.13150691394415634,0.1429421094369548,0.0,2.129304794798607,-0.13431997002622706,0.15706538409106394,,
13,1,5178,710,0.07692307692307693,0.13711857860177676,0.560996749729144,0.0014084507042253522,1.0,9999,24,19,8,2.0,INSUFFICIENT_FOR_GATE,BOOM500,CRT_MSS_DISPLACEMENT_FVG,wf2,1.5,5,0.013710421242556586,0.3331395092109959,0.0,0.17647058823529413,0.13150691394415634,0.1429421094369548,0.0,1.2734177042891517,-0.14089278597050617,0.0379546111923029,,
425,65,5178,710,0.15294117647058825,0.13711857860177676,1.1153935376967687,0.09154929577464789,0.1944,9999,24,19,19,3.0,INSUFFICIENT_FOR_GATE,BOOM500,ATR_COMPRESSION,wf2,1.5,5,0.12184267239764249,0.19025741976405194,0.11749354460093896,0.18795687173472644,0.13150691394415634,0.1429421094369548,0.8514802489859565,1.3738347894774274,-0.020671692839136033,0.050995247770300706,,
375,52,5178,710,0.13866666666666666,0.13711857860177676,1.0112901408450703,0.07323943661971831,0.4664,9999,24,19,19,2.0,INSUFFICIENT_FOR_GATE,BOOM500,BB_SQUEEZE,wf2,1.5,5,0.10733730837528088,0.17732387722039478,0.10025062656641603,0.17724867724867724,0.13150691394415634,0.1429421094369548,0.748894359390054,1.2613019648556296,-0.03362124991108405,0.03668385088280539,,
0,0,5178,710,,0.13711857860177676,,0.0,1.0,0,24,19,0,,INSUFFICIENT_FOR_GATE,BOOM500,CANDLE_COMPRESSION,wf2,1.5,5,,,,,0.13150691394415634,0.1429421094369548,,,,,,
175,25,5178,710,0.14285714285714285,0.13711857860177676,1.0418511066398388,0.035211267605633804,0.4083,9999,24,19,19,2.0,INSUFFICIENT_FOR_GATE,BOOM500,CANDLE_STRUCTURE,wf2,1.5,5,0.09867274645920271,0.20238417387533442,0.09090909090909091,0.19372529116358575,0.13150691394415634,0.1429421094369548,0.6700696935758534,1.4130206284830955,-0.04516833505881816,0.056589345757535804,,
223,39,5178,710,0.17488789237668162,0.13711857860177676,1.2754500094738837,0.054929577464788736,0.0935,9999,24,19,19,3.0,INSUFFICIENT_FOR_GATE,BOOM500,SR_ALIGNMENT,wf2,1.5,5,0.13065416136626862,0.2301328801479784,0.12334801762114538,0.23255813953488372,0.13150691394415634,0.1429421094369548,0.8864860024334874,1.713869410933131,-0.015766080083157455,0.09655246659998522,,
176,24,5178,710,0.13636363636363635,0.13711857860177676,0.9944942381562099,0.03380281690140845,1.0,9999,24,19,19,3.0,INSUFFICIENT_FOR_GATE,BOOM500,ATR_BB_COMPRESSION,wf2,1.5,5,0.09337768765138527,0.19488431356147856,0.08600614439324118,0.1935483870967742,0.13150691394415634,0.1429421094369548,0.6338641102851893,1.3930142276556308,-0.04970515524211194,0.054468517612839426,,
11,4,5178,710,0.36363636363636365,0.13711857860177676,2.6519846350832266,0.005633802816901409,0.0631,9999,24,19,8,1.5,INSUFFICIENT_FOR_GATE,BOOM500,CRT_ATR,wf2,1.5,5,0.15166471095367573,0.6461988254921511,0.0,0.6666666666666666,0.13150691394415634,0.1429421094369548,0.0,4.817713571642869,-0.14059482425646969,0.5281661431867628,,
39,4,5178,710,0.10256410256410256,0.13711857860177676,0.7479956663055254,0.005633802816901409,1.0,9999,24,19,17,1.5,INSUFFICIENT_FOR_GATE,BOOM500,CRT_BB,wf2,1.5,5,0.04061331344668381,0.23578854462856527,0.0,0.20588235294117646,0.13150691394415634,0.1429421094369548,0.0,1.5081931015141588,-0.13604919292851653,0.06978575359128814,,
0,0,5178,710,,0.13711857860177676,,0.0,1.0,0,24,19,0,,INSUFFICIENT_FOR_GATE,BOOM500,CRT_CANDLE_COMPRESSION,wf2,1.5,5,,,,,0.13150691394415634,0.1429421094369548,,,,,,
9,2,5178,710,0.2222222222222222,0.13711857860177676,1.620657276995305,0.0028169014084507044,0.24312431243124313,9998,24,19,7,1.5,INSUFFICIENT_FOR_GATE,BOOM500,CRT_CANDLE_STRUCTURE,wf2,1.5,5,0.06322510711784671,0.5474110308930111,0.0,0.5,0.13150691394415634,0.1429421094369548,0.0,3.7447761194029856,-0.1400956556396971,0.3664806695894779,,
4,1,5178,710,0.25,0.13711857860177676,1.8232394366197182,0.0014084507042253522,0.2716599190283401,9879,24,19,4,1.0,INSUFFICIENT_FOR_GATE,BOOM500,CRT_SR,wf2,1.5,5,0.04558726080970055,0.6993581574175981,0.0,1.0,0.13150691394415634,0.1429421094369548,0.0,7.020231213872833,-0.14181289288539195,0.8575545491972005,,
68,17,5178,1197,0.25,0.23117033603707995,1.081453634085213,0.014202172096908938,0.3181,9999,24,19,18,3.0,INSUFFICIENT_FOR_GATE,BOOM500,CRT,wf2,1.5,10,0.16235013970552148,0.3643855285545139,0.16437333878552443,0.3333333333333333,0.2220496894409938,0.24052796657415426,0.7234331830666244,1.4117647058823528,-0.06286176572144918,0.09689060413147368,,
27,6,5178,1197,0.2222222222222222,0.23117033603707995,0.961292119186856,0.005012531328320802,1.0,9999,24,19,11,2.5,INSUFFICIENT_FOR_GATE,BOOM500,CRT_MSS,wf2,1.5,10,0.10607239452360037,0.4075692886663257,0.058823529411764705,0.34615384615384615,0.2220496894409938,0.24052796657415426,0.2548799569703193,1.5031267685342387,-0.1709799861973775,0.1157556049566679,,
52,13,5178,1197,0.25,0.23117033603707995,1.081453634085213,0.01086048454469507,0.3462,9999,24,19,15,3.0,INSUFFICIENT_FOR_GATE,BOOM500,CRT_DISPLACEMENT,wf2,1.5,10,0.15233153863595772,0.3820645794259735,0.14545454545454545,0.38636363636363635,0.2220496894409938,0.24052796657415426,0.6271707565479935,1.6624183505324241,-0.08558665992924622,0.15424776083875824,,
25,5,5178,1197,0.2,0.23117033603707995,0.8651629072681705,0.004177109440267335,1.0,9999,24,19,11,2.0,INSUFFICIENT_FOR_GATE,BOOM500,CRT_MSS_DISPLACEMENT,wf2,1.5,10,0.08860584686802572,0.3913095036954033,0.0,0.3333333333333333,0.2220496894409938,0.24052796657415426,0.0,1.4670257675438594,-0.22913263287365346,0.10710641209774756,,
13,2,5178,1197,0.15384615384615385,0.23117033603707995,0.6655099286678234,0.001670843776106934,1.0,9999,24,19,8,4.0,INSUFFICIENT_FOR_GATE,BOOM500,CRT_MSS_DISPLACEMENT_FVG,wf2,1.5,10,0.043258178358081184,0.4223463101948254,0.0,0.25,0.2220496894409938,0.24052796657415426,0.0,1.058192428073759,-0.23525798525798525,0.013447499336992168,,
425,98,5178,1197,0.23058823529411765,0.23117033603707995,0.9974819401444789,0.08187134502923976,1.0,9999,24,19,19,4.0,INSUFFICIENT_FOR_GATE,BOOM500,ATR_COMPRESSION,wf2,1.5,10,0.1930630368652102,0.27294008552471527,0.19134396355353075,0.27020231180161897,0.2220496894409938,0.24052796657415426,0.8210735370974221,1.1745531701595537,-0.04175416546779405,0.04002266709885404,,
375,92,5178,1197,0.24533333333333332,0.23117033603707995,1.061266499582289,0.07685881370091896,0.2092,9999,24,19,19,4.0,INSUFFICIENT_FOR_GATE,BOOM500,BB_SQUEEZE,wf2,1.5,10,0.20451011983038556,0.2913211954787438,0.20754716981132076,0.28362782553326965,0.2220496894409938,0.24052796657415426,0.9139002483851109,1.2065054146363174,-0.019711309781603487,0.04814863375291197,,
0,0,5178,1197,,0.23117033603707995,,0.0,1.0,0,24,19,0,,INSUFFICIENT_FOR_GATE,BOOM500,CANDLE_COMPRESSION,wf2,1.5,10,,,,,0.2220496894409938,0.24052796657415426,,,,,,
175,43,5178,1197,0.24571428571428572,0.23117033603707995,1.0629144289294665,0.03592314118629908,0.2928,9999,24,19,19,5.0,INSUFFICIENT_FOR_GATE,BOOM500,CANDLE_STRUCTURE,wf2,1.5,10,0.18784497309550907,0.3145075541826814,0.1898625054561327,0.29473684210526313,0.2220496894409938,0.24052796657415426,0.8242899713180142,1.2639409017527135,-0.04055026464659679,0.06115438098075584,,
223,65,5178,1197,0.2914798206278027,0.23117033603707995,1.260887645121773,0.05430242272347535,0.0175,9999,24,19,19,5.0,INSUFFICIENT_FOR_GATE,BOOM500,SR_ALIGNMENT,wf2,1.5,10,0.23576760303259642,0.3542544304903345,0.23169830589931517,0.35135135135135137,0.2220496894409938,0.24052796657415426,1.013201637720527,1.4972266487707788,0.0030254828791190696,0.11671258108961982,,
176,41,5178,1197,0.23295454545454544,0.23117033603707995,1.0077181590339483,0.034252297410192145,0.4724,9999,24,19,19,4.0,INSUFFICIENT_FOR_GATE,BOOM500,ATR_BB_COMPRESSION,wf2,1.5,10,0.17661572782048401,0.30070167932021286,0.17532467532467533,0.2934131736526946,0.2220496894409938,0.24052796657415426,0.7674896769465552,1.251286868766319,-0.05282248628167625,0.05868600290175448,,
11,7,5178,1197,0.6363636363636364,0.23117033603707995,2.7527910685805423,0.005847953216374269,0.0001,9999,24,19,8,4.0,INSUFFICIENT_FOR_GATE,BOOM500,CRT_ATR,wf2,1.5,10,0.35380117450784887,0.8483352890463243,0.2,0.9166666666666666,0.2220496894409938,0.24052796657415426,0.8538901608883344,3.8944216750518654,-0.034222346115230125,0.680861910966819,,
39,8,5178,1197,0.20512820512820512,0.23117033603707995,0.8873465715570978,0.006683375104427736,1.0,9999,24,19,17,4.0,INSUFFICIENT_FOR_GATE,BOOM500,CRT_BB,wf2,1.5,10,0.10779718230710382,0.35533968013582296,0.08333333333333333,0.32003773584905604,0.2220496894409938,0.24052796657415426,0.36343118346752074,1.3664675410948397,-0.1455892193330297,0.08571950775177593,,
0,0,5178,1197,,0.23117033603707995,,0.0,1.0,0,24,19,0,,INSUFFICIENT_FOR_GATE,BOOM500,CRT_CANDLE_COMPRESSION,wf2,1.5,10,,,,,0.2220496894409938,0.24052796657415426,,,,,,
9,2,5178,1197,0.2222222222222222,0.23117033603707995,0.961292119186856,0.001670843776106934,1.0,9998,24,19,7,1.5,INSUFFICIENT_FOR_GATE,BOOM500,CRT_CANDLE_STRUCTURE,wf2,1.5,10,0.06322510711784671,0.5474110308930111,0.0,0.5,0.2220496894409938,0.24052796657415426,0.0,2.1978590663263575,-0.23542049081221744,0.27250588390642516,,
4,1,5178,1197,0.25,0.23117033603707995,1.081453634085213,0.000835421888053467,0.4063765182186235,9879,24,19,4,1.0,INSUFFICIENT_FOR_GATE,BOOM500,CRT_SR,wf2,1.5,10,0.04558726080970055,0.6993581574175981,0.0,1.0,0.2220496894409938,0.24052796657415426,0.0,4.165152766308836,-0.23754352234620488,0.7599127676447264,,
68,22,5178,1552,0.3235294117647059,0.2997296253379683,1.0794041843541542,0.014175257731958763,0.3396,9999,24,19,18,5.0,INSUFFICIENT_FOR_GATE,BOOM500,CRT,wf2,1.5,15,0.22437604095329994,0.44155501899496036,0.2,0.43480818414322214,0.2869669190912714,0.3128471622817743,0.670702344799932,1.432225752998064,-0.0984690261310134,0.13121311258547702,,
27,7,5178,1552,0.25925925925925924,0.2997296253379683,0.8649770904925543,0.004510309278350515,1.0,9999,24,19,11,3.0,INSUFFICIENT_FOR_GATE,BOOM500,CRT_MSS,wf2,1.5,15,0.1317037456190719,0.44678571314553067,0.058823529411764705,0.4166666666666667,0.2869669190912714,0.3128471622817743,0.1959820110031585,1.392412660055415,-0.23881024780002164,0.11663762653468746,,
52,19,5178,1552,0.36538461538461536,0.2997296253379683,1.2190473830293418,0.012242268041237113,0.154,9999,24,19,15,8.0,INSUFFICIENT_FOR_GATE,BOOM500,CRT_DISPLACEMENT,wf2,1.5,15,0.24800699873813392,0.501283218679829,0.23207417582417586,0.5079365079365079,0.2869669190912714,0.3128471622817743,0.7845600914159502,1.65749673584619,-0.06385536639546224,0.19949968992080683,,
25,6,5178,1552,0.24,0.2997296253379683,0.8007216494845361,0.003865979381443299,1.0,9999,24,19,11,2.0,INSUFFICIENT_FOR_GATE,BOOM500,CRT_MSS_DISPLACEMENT,wf2,1.5,15,0.11496313693401444,0.4342968335542908,0.0,0.4118661257606476,0.2869669190912714,0.3128471622817743,0.0,1.3836374410928785,-0.297166149068323,0.1136478331451156,,
13,2,5178,1552,0.15384615384615385,0.2997296253379683,0.5132831086439335,0.001288659793814433,1.0,9999,24,19,8,4.0,INSUFFICIENT_FOR_GATE,BOOM500,CRT_MSS_DISPLACEMENT_FVG,wf2,1.5,15,0.043258178358081184,0.4223463101948254,0.0,0.25,0.2869669190912714,0.3128471622817743,0.0,0.8156724566510001,-0.30511498810467885,-0.05568802928447228,,
425,124,5178,1552,0.2917647058823529,0.2997296253379683,0.9734263189812007,0.07989690721649484,1.0,9999,24,19,19,5.0,INSUFFICIENT_FOR_GATE,BOOM500,ATR_COMPRESSION,wf2,1.5,15,0.25056619627944043,0.3366938590175762,0.25240384615384615,0.33021186209901415,0.2869669190912714,0.3128471622817743,0.8398045746823286,1.1031738638065514,-0.048507095022899606,0.0306718896618013,,
375,113,5178,1552,0.30133333333333334,0.2997296253379683,1.0053505154639175,0.07280927835051547,0.4604,9999,24,19,19,6.0,INSUFFICIENT_FOR_GATE,BOOM500,BB_SQUEEZE,wf2,1.5,15,0.2571000957991602,0.3495955376095324,0.2625,0.34025974025974026,0.2869669190912714,0.3128471622817743,0.8939381771353961,1.1149421486722415,-0.031192107099524167,0.03497350147116783,,
0,0,5178,1552,,0.2997296253379683,,0.0,1.0,0,24,19,0,,INSUFFICIENT_FOR_GATE,BOOM500,CANDLE_COMPRESSION,wf2,1.5,15,,,,,0.2869669190912714,0.3128471622817743,,,,,,
175,56,5178,1552,0.32,0.2997296253379683,1.0676288659793816,0.03608247422680412,0.2526,9999,24,19,19,6.0,INSUFFICIENT_FOR_GATE,BOOM500,CANDLE_STRUCTURE,wf2,1.5,15,0.25539059036105727,0.39234209748754945,0.25433036151660626,0.3743031697188779,0.2869669190912714,0.3128471622817743,0.8523862314534721,1.239159661378325,-0.04384097169538485,0.07196857248815074,,
223,77,5178,1552,0.3452914798206278,0.2997296253379683,1.1520098469788729,0.04961340206185567,0.0744,9999,24,19,19,5.0,INSUFFICIENT_FOR_GATE,BOOM500,SR_ALIGNMENT,wf2,1.5,15,0.28598258190342885,0.4098402171619715,0.2849807692307692,0.4125560538116592,0.2869669190912714,0.3128471622817743,0.9545871402971138,1.36031156008219,-0.013463614331386896,0.10877935866587093,,
176,51,5178,1552,0.2897727272727273,0.2997296253379683,0.9667804006560451,0.03286082474226804,1.0,9999,24,19,19,6.0,INSUFFICIENT_FOR_GATE,BOOM500,ATR_BB_COMPRESSION,wf2,1.5,15,0.22780873571214347,0.3607177337390436,0.21965317919075145,0.3597560975609756,0.2869669190912714,0.3128471622817743,0.741036125438041,1.1816022584285026,-0.07752137128387435,0.055047257325340174,,
11,7,5178,1552,0.6363636363636364,0.2997296253379683,2.1231255857544515,0.004510309278350515,0.0114,9999,24,19,8,4.0,INSUFFICIENT_FOR_GATE,BOOM500,CRT_ATR,wf2,1.5,15,0.35380117450784887,0.8483352890463243,0.2,0.9166666666666666,0.2869669190912714,0.3128471622817743,0.6557211070418619,3.0135234829383766,-0.10500775798121884,0.6109572751465545,,
39,10,5178,1552,0.2564102564102564,0.2997296253379683,0.8554718477398889,0.006443298969072165,1.0,9999,24,19,17,7.0,INSUFFICIENT_FOR_GATE,BOOM500,CRT_BB,wf2,1.5,15,0.14568780540992585,0.4108165592168397,0.11425324675324676,0.38461538461538464,0.2869669190912714,0.3128471622817743,0.38202477436250126,1.2645168006897807,-0.18384639345670972,0.08006077325066367,,
0,0,5178,1552,,0.2997296253379683,,0.0,1.0,0,24,19,0,,INSUFFICIENT_FOR_GATE,BOOM500,CRT_CANDLE_COMPRESSION,wf2,1.5,15,,,,,0.2869669190912714,0.3128471622817743,,,,,,
9,3,5178,1552,0.3333333333333333,0.2997296253379683,1.1121134020618557,0.0019329896907216496,0.3868386838683868,9998,24,19,7,2.0,INSUFFICIENT_FOR_GATE,BOOM500,CRT_CANDLE_STRUCTURE,wf2,1.5,15,0.1205838183869109,0.6457978644196036,0.0,0.5714285714285714,0.2869669190912714,0.3128471622817743,0.0,1.9377855642731818,-0.29781337210975034,0.2769031954887213,,
4,1,5178,1552,0.25,0.2997296253379683,0.8340850515463918,0.0006443298969072165,1.0,9879,24,19,4,1.0,INSUFFICIENT_FOR_GATE,BOOM500,CRT_SR,wf2,1.5,15,0.04558726080970055,0.6993581574175981,0.0,1.0,0.2869669190912714,0.3128471622817743,0.0,3.209708017840472,-0.309578988026265,0.6884451806307177,,
68,34,5178,2222,0.5,0.429123213595983,1.1651665166516652,0.0153015301530153,0.0954,9999,24,19,18,10.5,INSUFFICIENT_FOR_GATE,BOOM500,CRT,wf2,1.5,30,0.38438064984606757,0.6156193501539324,0.3870967741935484,0.613368421052631,0.4115195642819726,0.4482584506344171,0.9130154010988145,1.4097346207821448,-0.037157584144869915,0.17746663350187056,,
27,13,5178,2222,0.48148148148148145,0.429123213595983,1.122012201220122,0.0058505850585058505,0.2854,9999,24,19,11,12.0,INSUFFICIENT_FOR_GATE,BOOM500,CRT_MSS,wf2,1.5,30,0.3074322697621846,0.6601438424504771,0.2692307692307692,0.68,0.4115195642819726,0.4482584506344171,0.6265520257144028,1.5975137745436,-0.16151519269318879,0.25340517330736406,,
52,27,5178,2222,0.5192307692307693,0.429123213595983,1.20998061344596,0.012151215121512151,0.1423,9999,24,19,15,11.0,INSUFFICIENT_FOR_GATE,BOOM500,CRT_DISPLACEMENT,wf2,1.5,30,0.38685682768056057,0.6489588555454449,0.3584905660377358,0.6956521739130435,0.4115195642819726,0.4482584506344171,0.8426870269591438,1.6025271606240743,-0.0676613085326966,0.2616739099399254,,
25,12,5178,2222,0.48,0.429123213595983,1.1185598559855985,0.0054005400540054005,0.3032,9999,24,19,11,15.0,INSUFFICIENT_FOR_GATE,BOOM500,CRT_MSS_DISPLACEMENT,wf2,1.5,30,0.30031285954112974,0.6650148304964322,0.24,0.6875,0.4115195642819726,0.4482584506344171,0.5640392671704848,1.6115829951772926,-0.18904645395915928,0.26001957995317154,,
13,4,5178,2222,0.3076923076923077,0.429123213595983,0.717025548708717,0.0018001800180018,1.0,9999,24,19,8,14.0,INSUFFICIENT_FOR_GATE,BOOM500,CRT_MSS_DISPLACEMENT_FVG,wf2,1.5,30,0.12680703655710515,0.5763065681945096,0.0,0.5,0.4115195642819726,0.4482584506344171,0.0,1.1195486570897117,-0.4242964543574064,0.0525734258790646,,
425,185,5178,2222,0.43529411764705883,0.429123213595983,1.0143802615555675,0.08325832583258326,0.3698,9999,24,19,19,10.0,INSUFFICIENT_FOR_GATE,BOOM500,ATR_COMPRESSION,wf2,1.5,30,0.388945375781097,0.4828020990287104,0.4032258064516129,0.46842105263157896,0.4115195642819726,0.4482584506344171,0.936241682135786,1.0892798100457455,-0.02778592704683025,0.03786774508569,,
375,162,5178,2222,0.432,0.429123213595983,1.0067038703870388,0.07290729072907291,0.4447,9999,24,19,19,9.0,INSUFFICIENT_FOR_GATE,BOOM500,BB_SQUEEZE,wf2,1.5,30,0.38280372915844824,0.48257531314922514,0.3862425941767259,0.4818991658886256,0.4115195642819726,0.4482584506344171,0.9146921319062521,1.1040737759162527,-0.03661920422557284,0.04495810667805171,,
0,0,5178,2222,,0.429123213595983,,0.0,1.0,0,24,19,0,,INSUFFICIENT_FOR_GATE,BOOM500,CANDLE_COMPRESSION,wf2,1.5,30,,,,,0.4115195642819726,0.4482584506344171,,,,,,
175,84,5178,2222,0.48,0.429123213595983,1.1185598559855985,0.037803780378037805,0.0194,9999,24,19,19,10.0,INSUFFICIENT_FOR_GATE,BOOM500,CANDLE_STRUCTURE,wf2,1.5,30,0.4072072283848251,0.5536519591539089,0.4177215189873418,0.5319148936170213,0.4115195642819726,0.4482584506344171,0.9885191319843409,1.231182089251908,-0.004850672767292179,0.09921093678255856,,
223,115,5178,2222,0.515695067264574,0.429123213595983,1.2017412503582199,0.05175517551755175,0.0033,9999,24,19,19,9.0,INSUFFICIENT_FOR_GATE,BOOM500,SR_ALIGNMENT,wf2,1.5,30,0.45039438426263906,0.5804641723539148,0.45160609772696336,0.5871598672652742,0.4115195642819726,0.4482584506344171,1.0629327323889655,1.3424932901730313,0.02709794679673589,0.149288585164135,,
176,77,5178,2222,0.4375,0.429123213595983,1.019520702070207,0.034653465346534656,0.3971,9999,24,19,19,10.0,INSUFFICIENT_FOR_GATE,BOOM500,ATR_BB_COMPRESSION,wf2,1.5,30,0.36632014345572844,0.5113498880027326,0.3699421965317919,0.5085763831544178,0.4115195642819726,0.4482584506344171,0.869823803917542,1.1693417710617593,-0.05605288573025851,0.07281332814390021,,
11,7,5178,2222,0.6363636363636364,0.429123213595983,1.4829392030112103,0.0031503150315031502,0.0818,9999,24,19,8,4.0,INSUFFICIENT_FOR_GATE,BOOM500,CRT_ATR,wf2,1.5,30,0.35380117450784887,0.8483352890463243,0.2,0.9166666666666666,0.4115195642819726,0.4482584506344171,0.4602156148420731,2.0971617000340816,-0.23294862505310518,0.4774476414910885,,
39,20,5178,2222,0.5128205128205128,0.429123213595983,1.1950425811811949,0.009000900090009001,0.1155,9999,24,19,17,14.0,INSUFFICIENT_FOR_GATE,BOOM500,CRT_BB,wf2,1.5,30,0.36199362884457964,0.6613482467013799,0.37209302325581395,0.65,0.4115195642819726,0.4482584506344171,0.8772131250578128,1.49712826399211,-0.05293179224144065,0.21488496586720351,,
0,0,5178,2222,,0.429123213595983,,0.0,1.0,0,24,19,0,,INSUFFICIENT_FOR_GATE,BOOM500,CRT_CANDLE_COMPRESSION,wf2,1.5,30,,,,,0.4115195642819726,0.4482584506344171,,,,,,
9,7,5178,2222,0.7777777777777778,0.429123213595983,1.8124812481248125,0.0031503150315031502,0.00010001000100010001,9998,24,19,7,17.0,INSUFFICIENT_FOR_GATE,BOOM500,CRT_CANDLE_STRUCTURE,wf2,1.5,30,0.45258896910698887,0.9367748928821533,0.5,1.0,0.4115195642819726,0.4482584506344171,1.1614799826000313,2.3661469933184853,0.06951474762530058,0.5773719879518072,,
4,3,5178,2222,0.75,0.429123213595983,1.7477497749774977,0.0013501350135013501,0.00010121457489878542,9879,24,19,4,17.0,INSUFFICIENT_FOR_GATE,BOOM500,CRT_SR,wf2,1.5,30,0.30064184258240184,0.9544127391902995,0.0,1.0,0.4115195642819726,0.4482584506344171,0.0,2.389612876352943,-0.42525609147676063,0.5815221746098105,,
68,7,5178,439,0.10294117647058823,0.08478176902278872,1.214190004019831,0.015945330296127564,0.2791,9999,24,19,18,2.0,INSUFFICIENT_FOR_GATE,BOOM500,CRT,wf2,2.0,5,0.05076577178992908,0.19757911309365633,0.03843719571567674,0.175,0.07958074534161491,0.08994098249506903,0.45671786873201686,2.042044444731657,-0.04503721180939442,0.08876515881344636,,
27,1,5178,439,0.037037037037037035,0.08478176902278872,0.436851430017717,0.002277904328018223,1.0,9999,24,19,11,2.0,INSUFFICIENT_FOR_GATE,BOOM500,CRT_MSS,wf2,2.0,5,0.006568145980785103,0.18283465933575843,0.0,0.10810810810810811,0.07958074534161491,0.08994098249506903,0.0,1.2612244592194586,-0.08773291925465838,0.022495229462674952,,
52,5,5178,439,0.09615384615384616,0.08478176902278872,1.1341335202383038,0.011389521640091117,0.3835,9999,24,19,15,2.0,INSUFFICIENT_FOR_GATE,BOOM500,CRT_DISPLACEMENT,wf2,2.0,5,0.04177435105257249,0.20609630120131633,0.019230769230769232,0.20588235294117646,0.07958074534161491,0.08994098249506903,0.2336629670736219,2.3422516927774617,-0.06334738669580589,0.1184134579084778,,
25,2,5178,439,0.08,0.08478176902278872,0.9435990888382688,0.004555808656036446,1.0,9999,24,19,11,2.0,INSUFFICIENT_FOR_GATE,BOOM500,CRT_MSS_DISPLACEMENT,wf2,2.0,5,0.022220401284847563,0.24966108950395313,0.0,0.15,0.07958074534161491,0.08994098249506903,0.0,1.748586800348545,-0.08604282315622522,0.06423736611330487,,
13,1,5178,439,0.07692307692307693,0.08478176902278872,0.9073068161906431,0.002277904328018223,1.0,9999,24,19,8,2.0,INSUFFICIENT_FOR_GATE,BOOM500,CRT_MSS_DISPLACEMENT_FVG,wf2,2.0,5,0.013710421242556586,0.3331395092109959,0.0,0.17647058823529413,0.07958074534161491,0.08994098249506903,0.0,2.043987768269633,-0.08773291925465838,0.09006245570517364,,
425,43,5178,439,0.1011764705882353,0.08478176902278872,1.193375318236634,0.0979498861047836,0.1621,9999,24,19,19,3.0,INSUFFICIENT_FOR_GATE,BOOM500,ATR_COMPRESSION,wf2,2.0,5,0.07598482128108616,0.1335132507284542,0.06632585394900667,0.13471686326388121,0.07958074534161491,0.08994098249506903,0.7905318791241122,1.5763292839006324,-0.017690996026307866,0.048784018124602875,,
375,37,5178,439,0.09866666666666667,0.08478176902278872,1.163772209567198,0.08428246013667426,0.1428,9999,24,19,19,2.0,INSUFFICIENT_FOR_GATE,BOOM500,BB_SQUEEZE,wf2,2.0,5,0.07243225758043156,0.133040129372699,0.07177433652456154,0.125,0.07958074534161491,0.08994098249506903,0.8573791509034018,1.4646621329200344,-0.012078737470987146,0.03947805071145744,,
0,0,5178,439,,0.08478176902278872,,0.0,1.0,0,24,19,0,,INSUFFICIENT_FOR_GATE,BOOM500,CANDLE_COMPRESSION,wf2,2.0,5,,,,,0.07958074534161491,0.08994098249506903,,,,,,
175,13,5178,439,0.07428571428571429,0.08478176902278872,0.8761991539212496,0.029612756264236904,1.0,9999,24,19,19,3.0,INSUFFICIENT_FOR_GATE,BOOM500,CANDLE_STRUCTURE,wf2,2.0,5,0.043924003825929425,0.1229358452128389,0.03972574550080443,0.10824742268041238,0.07958074534161491,0.08994098249506903,0.46106703844700536,1.3036515057113973,-0.0461550613203141,0.0249079488483291,,
223,25,5178,439,0.11210762331838565,0.08478176902278872,1.322308140188157,0.05694760820045558,0.1173,9999,24,19,19,3.0,INSUFFICIENT_FOR_GATE,BOOM500,SR_ALIGNMENT,wf2,2.0,5,0.07709749479394692,0.16025532025408576,0.06763285024154589,0.15979499129124886,0.07958074534161491,0.08994098249506903,0.8023120119146192,1.8884518760670639,-0.016604557749433414,0.07487667064944756,,
176,15,5178,439,0.08522727272727272,0.08478176902278872,1.0052547111203147,0.03416856492027335,0.4771,9999,24,19,19,2.0,INSUFFICIENT_FOR_GATE,BOOM500,ATR_BB_COMPRESSION,wf2,2.0,5,0.05232790934065391,0.13584593579276888,0.046511627906976744,0.12432572468841897,0.07958074534161491,0.08994098249506903,0.5398667848782682,1.481810734124605,-0.03964512237227251,0.04032386055088441,,
11,3,5178,439,0.2727272727272727,0.08478176902278872,3.216815075585007,0.00683371298405467,0.0937,9999,24,19,8,1.0,INSUFFICIENT_FOR_GATE,BOOM500,CRT_ATR,wf2,2.0,5,0.09746059290024889,0.5656453011761291,0.0,0.5714285714285714,0.07958074534161491,0.08994098249506903,0.0,6.742424655130069,-0.08681517470177263,0.4865318023346518,,
39,3,5178,439,0.07692307692307693,0.08478176902278872,0.9073068161906431,0.00683371298405467,1.0,9999,24,19,17,2.0,INSUFFICIENT_FOR_GATE,BOOM500,CRT_BB,wf2,2.0,5,0.02650739530377974,0.20321071167954996,0.0,0.18421052631578946,0.07958074534161491,0.08994098249506903,0.0,2.196123356263746,-0.08763308763308764,0.10030909565546021,,
0,0,5178,439,,0.08478176902278872,,0.0,1.0,0,24,19,0,,INSUFFICIENT_FOR_GATE,BOOM500,CRT_CANDLE_COMPRESSION,wf2,2.0,5,,,,,0.07958074534161491,0.08994098249506903,,,,,,
9,1,5178,439,0.1111111111111111,0.08478176902278872,1.310554290053151,0.002277904328018223,0.3704370437043704,9998,24,19,7,1.0,INSUFFICIENT_FOR_GATE,BOOM500,CRT_CANDLE_STRUCTURE,wf2,2.0,5,0.019890887638544907,0.434999705576656,0.0,0.42857142857142855,0.07958074534161491,0.08994098249506903,0.0,4.888846449249666,-0.0882361974273739,0.33961489054220373,,
4,1,5178,439,0.25,0.08478176902278872,2.94874715261959,0.002277904328018223,0.22095141700404858,9879,24,19,4,1.0,INSUFFICIENT_FOR_GATE,BOOM500,CRT_SR,wf2,2.0,5,0.04558726080970055,0.6993581574175981,0.0,1.0,0.07958074534161491,0.08994098249506903,0.0,11.020115707174142,-0.0880253766851705,0.9092568502724753,,
68,11,5178,821,0.16176470588235295,0.1585554268057165,1.0202407394139141,0.013398294762484775,0.4574,9999,24,19,18,3.0,INSUFFICIENT_FOR_GATE,BOOM500,CRT,wf2,2.0,10,0.09280092222804136,0.26690027600612404,0.08450704225352113,0.24615384615384617,0.15135344007609383,0.16639540424329846,0.5435615670269505,1.518187059859154,-0.07124910353419339,0.08440699399449925,,
27,3,5178,821,0.1111111111111111,0.1585554268057165,0.7007714169711733,0.0036540803897685747,1.0,9999,24,19,11,6.0,INSUFFICIENT_FOR_GATE,BOOM500,CRT_MSS,wf2,2.0,10,0.038520348283098374,0.2805780081827982,0.0,0.22857142857142856,0.15135344007609383,0.16639540424329846,0.0,1.4415804469369387,-0.1612593172963617,0.06982947172813718,,
52,8,5178,821,0.15384615384615385,0.1585554268057165,0.9702988850370093,0.0097442143727162,1.0,9999,24,19,15,3.0,INSUFFICIENT_FOR_GATE,BOOM500,CRT_DISPLACEMENT,wf2,2.0,10,0.08007685016780322,0.2752408517641015,0.06666666666666667,0.2641509433962264,0.15135344007609383,0.16639540424329846,0.43052464567387144,1.6328677928754507,-0.08822048470363097,0.10234043565938153,,
25,3,5178,821,0.12,0.1585554268057165,0.7568331303288672,0.0036540803897685747,1.0,9999,24,19,11,2.0,INSUFFICIENT_FOR_GATE,BOOM500,CRT_MSS_DISPLACEMENT,wf2,2.0,10,0.04166817150440358,0.2995579392092732,0.0,0.23529411764705882,0.15135344007609383,0.16639540424329846,0.0,1.4913053984531741,-0.1612593172963617,0.07744664411655605,,
13,2,5178,821,0.15384615384615385,0.1585554268057165,0.9702988850370093,0.00243605359317905,1.0,9999,24,19,8,4.0,INSUFFICIENT_FOR_GATE,BOOM500,CRT_MSS_DISPLACEMENT_FVG,wf2,2.0,10,0.043258178358081184,0.4223463101948254,0.0,0.25,0.15135344007609383,0.16639540424329846,0.0,1.5487654320987654,-0.1612593172963617,0.08802937100880665,,
425,73,5178,821,0.17176470588235293,0.1585554268057165,1.0833101669413197,0.08891595615103533,0.2682,9999,24,19,19,5.0,INSUFFICIENT_FOR_GATE,BOOM500,ATR_COMPRESSION,wf2,2.0,10,0.13888610530901752,0.21052381236255108,0.1295843520782396,0.2123456790123457,0.15135344007609383,0.16639540424329846,0.8176470039177501,1.3433535926421325,-0.02905696002519533,0.0538280891523576,,
375,69,5178,821,0.184,0.1585554268057165,1.160477466504263,0.08404384896467722,0.0852,9999,24,19,19,4.0,INSUFFICIENT_FOR_GATE,BOOM500,BB_SQUEEZE,wf2,2.0,10,0.1480541509047062,0.2263543398191873,0.14786967418546365,0.22251343991690412,0.15135344007609383,0.16639540424329846,0.9457329974943938,1.3927974402899346,-0.008410448824475641,0.0625825756790898,,
0,0,5178,821,,0.1585554268057165,,0.0,1.0,0,24,19,0,,INSUFFICIENT_FOR_GATE,BOOM500,CANDLE_COMPRESSION,wf2,2.0,10,,,,,0.15135344007609383,0.16639540424329846,,,,,,
175,30,5178,821,0.17142857142857143,0.1585554268057165,1.081190186184096,0.03654080389768575,0.3078,9999,24,19,19,6.0,INSUFFICIENT_FOR_GATE,BOOM500,CANDLE_STRUCTURE,wf2,2.0,10,0.12280133469132312,0.23417103201645104,0.1206896551724138,0.21875,0.15135344007609383,0.16639540424329846,0.7617142198701224,1.366131211862271,-0.03748245002950605,0.05863523721701863,,
223,41,5178,821,0.18385650224215247,0.1585554268057165,1.1595724343603722,0.049939098660170524,0.1945,9999,24,19,19,5.0,INSUFFICIENT_FOR_GATE,BOOM500,SR_ALIGNMENT,wf2,2.0,10,0.1385175685541816,0.23990293388381032,0.12446256556986171,0.24186046511627907,0.15135344007609383,0.16639540424329846,0.7875092100412965,1.517870778627984,-0.0337682459252653,0.08203502394981184,,
176,34,5178,821,0.19318181818181818,0.1585554268057165,1.2183866681430628,0.04141291108404385,0.1111,9999,24,19,19,6.0,INSUFFICIENT_FOR_GATE,BOOM500,ATR_BB_COMPRESSION,wf2,2.0,10,0.1416647508656069,0.257806312657747,0.13953488372093023,0.24867724867724866,0.15135344007609383,0.16639540424329846,0.8930647938130243,1.5627454641818495,-0.016671999171777335,0.08964256525361212,,
11,6,5178,821,0.5454545454545454,0.1585554268057165,3.440150592403942,0.007308160779537149,0.0031,9999,24,19,8,5.5,INSUFFICIENT_FOR_GATE,BOOM500,CRT_ATR,wf2,2.0,10,0.280091537409322,0.7872872837754024,0.18181818181818182,0.8181818181818182,0.15135344007609383,0.16639540424329846,1.1876034754418288,5.10090259937818,0.028721242232322572,0.6549479116524444,,
39,5,5178,821,0.1282051282051282,0.1585554268057165,0.8085824041975077,0.0060901339829476245,1.0,9999,24,19,17,3.0,INSUFFICIENT_FOR_GATE,BOOM500,CRT_BB,wf2,2.0,10,0.05602817536971394,0.26705743379745456,0.02631578947368421,0.25,0.15135344007609383,0.16639540424329846,0.16800730875909872,1.5737107397606993,-0.1307394103601601,0.09143916091260808,,
0,0,5178,821,,0.1585554268057165,,0.0,1.0,0,24,19,0,,INSUFFICIENT_FOR_GATE,BOOM500,CRT_CANDLE_COMPRESSION,wf2,2.0,10,,,,,0.15135344007609383,0.16639540424329846,,,,,,
9,1,5178,821,0.1111111111111111,0.1585554268057165,0.7007714169711733,0.001218026796589525,1.0,9998,24,19,7,1.0,INSUFFICIENT_FOR_GATE,BOOM500,CRT_CANDLE_STRUCTURE,wf2,2.0,10,0.019890887638544907,0.434999705576656,0.0,0.42857142857142855,0.15135344007609383,0.16639540424329846,0.0,2.600264719920301,-0.162415501182995,0.26190476190476186,,
4,1,5178,821,0.25,0.1585554268057165,1.57673568818514,0.001218026796589525,0.2720647773279352,9879,24,19,4,1.0,INSUFFICIENT_FOR_GATE,BOOM500,CRT_SR,wf2,2.0,10,0.04558726080970055,0.6993581574175981,0.0,1.0,0.15135344007609383,0.16639540424329846,0.0,6.031326844262294,-0.16231812023708722,0.8341990031538634,,
68,18,5178,1108,0.2647058823529412,0.21398223252220935,1.2370460819706943,0.016245487364620937,0.1933,9999,24,19,18,9.0,INSUFFICIENT_FOR_GATE,BOOM500,CRT,wf2,2.0,15,0.17449740669878908,0.38007733989889125,0.14035087719298245,0.3846617238183497,0.2027793713963618,0.22647657841140528,0.6634913601365362,1.7715949604714893,-0.07120356788385075,0.16661019951129466,,
27,4,5178,1108,0.14814814814814814,0.21398223252220935,0.6923385479342158,0.0036101083032490976,1.0,9999,24,19,11,6.5,INSUFFICIENT_FOR_GATE,BOOM500,CRT_MSS,wf2,2.0,15,0.05915927776244326,0.3247868542781298,0.0,0.3235294117647059,0.2027793713963618,0.22647657841140528,0.0,1.5198649853495436,-0.21918459600141627,0.11016590404861855,,
52,14,5178,1108,0.2692307692307692,0.21398223252220935,1.2581921688419881,0.01263537906137184,0.1985,9999,24,19,15,10.0,INSUFFICIENT_FOR_GATE,BOOM500,CRT_DISPLACEMENT,wf2,2.0,15,0.16768960295166516,0.40252219833627134,0.13725490196078433,0.4098360655737705,0.2027793713963618,0.22647657841140528,0.654117683498225,1.8688250062573275,-0.07308034595557307,0.18998211036685952,,
25,4,5178,1108,0.16,0.21398223252220935,0.747725631768953,0.0036101083032490976,1.0,9999,24,19,11,4.0,INSUFFICIENT_FOR_GATE,BOOM500,CRT_MSS_DISPLACEMENT,wf2,2.0,15,0.0640345145667644,0.3465362160717886,0.0,0.3333333333333333,0.2027793713963618,0.22647657841140528,0.0,1.5824790471126333,-0.21918459600141627,0.1235846142889035,,
13,2,5178,1108,0.15384615384615385,0.21398223252220935,0.7189669536239933,0.0018050541516245488,1.0,9999,24,19,8,4.0,INSUFFICIENT_FOR_GATE,BOOM500,CRT_MSS_DISPLACEMENT_FVG,wf2,2.0,15,0.043258178358081184,0.4223463101948254,0.0,0.25,0.2027793713963618,0.22647657841140528,0.0,1.1484509858324792,-0.21918459600141627,0.03137899254143355,,
425,95,5178,1108,0.2235294117647059,0.21398223252220935,1.0446166914419197,0.08574007220216606,0.2947,9999,24,19,19,7.0,INSUFFICIENT_FOR_GATE,BOOM500,ATR_COMPRESSION,wf2,2.0,15,0.186498019110304,0.2655139187134187,0.18944738482341877,0.2574727011494253,0.2027793713963618,0.22647657841140528,0.8821210806074905,1.202974776361483,-0.025469947633579956,0.04316084948277184,,
375,90,5178,1108,0.24,0.21398223252220935,1.1215884476534295,0.0812274368231047,0.0926,9999,24,19,19,7.0,INSUFFICIENT_FOR_GATE,BOOM500,BB_SQUEEZE,wf2,2.0,15,0.19954940262210177,0.2857234062013549,0.2,0.2819767441860465,0.2027793713963618,0.22647657841140528,0.9534596407791965,1.300200263240975,-0.009881448879700527,0.06429549290436862,,
0,0,5178,1108,,0.21398223252220935,,0.0,1.0,0,24,19,0,,INSUFFICIENT_FOR_GATE,BOOM500,CANDLE_COMPRESSION,wf2,2.0,15,,,,,0.2027793713963618,0.22647657841140528,,,,,,
175,41,5178,1108,0.2342857142857143,0.21398223252220935,1.0948839608045384,0.03700361010830325,0.2438,9999,24,19,19,8.0,INSUFFICIENT_FOR_GATE,BOOM500,CANDLE_STRUCTURE,wf2,2.0,15,0.17765583772279406,0.30233051100610153,0.17196475323355867,0.296875,0.2027793713963618,0.22647657841140528,0.82163686980151,1.368183750609099,-0.03764847085344383,0.07920197659501617,,
223,55,5178,1108,0.24663677130044842,0.21398223252220935,1.1526039727380162,0.04963898916967509,0.1413,9999,24,19,19,6.0,INSUFFICIENT_FOR_GATE,BOOM500,SR_ALIGNMENT,wf2,2.0,15,0.19466930697622759,0.30718542192797876,0.18893753200204813,0.308411214953271,0.2027793713963618,0.22647657841140528,0.8734249498621797,1.444580793296405,-0.026932352806011525,0.09470980962318198,,
176,44,5178,1108,0.25,0.21398223252220935,1.1683212996389891,0.039711191335740074,0.1281,9999,24,19,19,8.0,INSUFFICIENT_FOR_GATE,BOOM500,ATR_BB_COMPRESSION,wf2,2.0,15,0.1918297215570447,0.3188504042767992,0.18617021276595744,0.313953488372093,0.2027793713963618,0.22647657841140528,0.8781345778408661,1.454062750521084,-0.02619156079134054,0.0975949213693756,,
11,6,5178,1108,0.5454545454545454,0.21398223252220935,2.549064653757794,0.005415162454873646,0.0069,9999,24,19,8,5.5,INSUFFICIENT_FOR_GATE,BOOM500,CRT_ATR,wf2,2.0,15,0.280091537409322,0.7872872837754024,0.18181818181818182,0.8181818181818182,0.2027793713963618,0.22647657841140528,0.8774034960965472,3.7674407772803105,-0.027047163608800624,0.5977902850312174,,
39,9,5178,1108,0.23076923076923078,0.21398223252220935,1.07845043043599,0.008122743682310469,0.3867,9999,24,19,17,10.0,INSUFFICIENT_FOR_GATE,BOOM500,CRT_BB,wf2,2.0,15,0.1264580412514285,0.3833625722834177,0.08333333333333333,0.36589430894308883,0.2027793713963618,0.22647657841140528,0.38867706213458747,1.7019444870404348,-0.129613327537971,0.1514757516509269,,
0,0,5178,1108,,0.21398223252220935,,0.0,1.0,0,24,19,0,,INSUFFICIENT_FOR_GATE,BOOM500,CRT_CANDLE_COMPRESSION,wf2,2.0,15,,,,,0.2027793713963618,0.22647657841140528,,,,,,
9,2,5178,1108,0.2222222222222222,0.21398223252220935,1.0385078219013235,0.0018050541516245488,0.4444444444444444,9998,24,19,7,6.0,INSUFFICIENT_FOR_GATE,BOOM500,CRT_CANDLE_STRUCTURE,wf2,2.0,15,0.06322510711784671,0.5474110308930111,0.0,0.5,0.2027793713963618,0.22647657841140528,0.0,2.3821537163481805,-0.21821442805898764,0.29020467836257313,,
4,1,5178,1108,0.25,0.21398223252220935,1.1683212996389891,0.0009025270758122744,0.4001012145748988,9879,24,19,4,1.0,INSUFFICIENT_FOR_GATE,BOOM500,CRT_SR,wf2,2.0,15,0.04558726080970055,0.6993581574175981,0.0,1.0,0.2027793713963618,0.22647657841140528,0.0,4.4295037346265325,-0.22271390266030278,0.7742410748764288,,
68,29,5178,1761,0.4264705882352941,0.34009269988412516,1.2539833650666399,0.016467915956842702,0.0508,9999,24,19,18,12.0,INSUFFICIENT_FOR_GATE,BOOM500,CRT,wf2,2.0,30,0.3159724314773308,0.5448321768344444,0.31343283582089554,0.5333333333333333,0.323230421686747,0.3585957903374718,0.9289159664542849,1.5526453738103174,-0.02427269667459225,0.18945342064352477,,
27,11,5178,1761,0.4074074074074074,0.34009269988412516,1.197930468799293,0.006246450880181715,0.2283,9999,24,19,11,18.0,INSUFFICIENT_FOR_GATE,BOOM500,CRT_MSS,wf2,2.0,30,0.24514757074395555,0.592732990319353,0.19230769230769232,0.5937922297297291,0.323230421686747,0.3585957903374718,0.5715195073058226,1.7734361648186834,-0.14648089563015732,0.25932060528648226,,
52,24,5178,1761,0.46153846153846156,0.34009269988412516,1.3570960555628357,0.013628620102214651,0.0564,9999,24,19,15,13.5,INSUFFICIENT_FOR_GATE,BOOM500,CRT_DISPLACEMENT,wf2,2.0,30,0.3334047468175682,0.5949638867304212,0.3103448275862069,0.6170212765957447,0.323230421686747,0.3585957903374718,0.9278880836612626,1.7923714602464698,-0.02398804096999571,0.2719383979877822,,
25,10,5178,1761,0.4,0.34009269988412516,1.1761499148211243,0.0056785917092561046,0.2682,9999,24,19,11,19.5,INSUFFICIENT_FOR_GATE,BOOM500,CRT_MSS_DISPLACEMENT,wf2,2.0,30,0.2340330237774797,0.5926054264103301,0.15789473684210525,0.6,0.323230421686747,0.3585957903374718,0.4594737125619479,1.7775634095580142,-0.18626018964251223,0.2605121466119837,,
13,4,5178,1761,0.3076923076923077,0.34009269988412516,0.9047307037085572,0.002271436683702442,1.0,9999,24,19,8,14.0,INSUFFICIENT_FOR_GATE,BOOM500,CRT_MSS_DISPLACEMENT_FVG,wf2,2.0,30,0.12680703655710515,0.5763065681945096,0.0,0.5,0.323230421686747,0.3585957903374718,0.0,1.4138823548237398,-0.33649456881117856,0.14442361809045223,,
425,148,5178,1761,0.34823529411764703,0.34009269988412516,1.0239422787854493,0.08404315729699034,0.3747,9999,24,19,19,11.0,INSUFFICIENT_FOR_GATE,BOOM500,ATR_COMPRESSION,wf2,2.0,30,0.30448414299776605,0.3947053888288732,0.30717411116519433,0.3866995073891626,0.323230421686747,0.3585957903374718,0.8915324651969521,1.145484547227858,-0.03752192513130738,0.04871642799631926,,
375,134,5178,1761,0.35733333333333334,0.34009269988412516,1.050693923906871,0.0760931289040318,0.2317,9999,24,19,19,10.0,INSUFFICIENT_FOR_GATE,BOOM500,BB_SQUEEZE,wf2,2.0,30,0.31050255490020534,0.40705739660805046,0.30584776683664494,0.4112438536544712,0.323230421686747,0.3585957903374718,0.917221064779192,1.1887884341433639,-0.02781440611419273,0.0652061901687651,,
0,0,5178,1761,,0.34009269988412516,,0.0,1.0,0,24,19,0,,INSUFFICIENT_FOR_GATE,BOOM500,CANDLE_COMPRESSION,wf2,2.0,30,,,,,0.323230421686747,0.3585957903374718,,,,,,
175,68,5178,1761,0.38857142857142857,0.34009269988412516,1.1425456315405207,0.03861442362294151,0.0354,9999,24,19,19,12.0,INSUFFICIENT_FOR_GATE,BOOM500,CANDLE_STRUCTURE,wf2,2.0,30,0.3194879469366712,0.46244181220770425,0.3354798637547586,0.44068707854929823,0.323230421686747,0.3585957903374718,0.991944501275664,1.3014855901832736,-0.0028144974840201395,0.10121766559443866,,
223,92,5178,1761,0.4125560538116592,0.34009269988412516,1.2130694188738054,0.05224304372515616,0.0065,9999,24,19,19,12.5,INSUFFICIENT_FOR_GATE,BOOM500,SR_ALIGNMENT,wf2,2.0,30,0.3499561312375373,0.47811762475595,0.35514018691588783,0.4751177966418607,0.323230421686747,0.3585957903374718,1.0578512777226263,1.3763416652425098,0.019785789895639512,0.12926317668585713,,
176,67,5178,1761,0.3806818181818182,0.34009269988412516,1.1193472200712404,0.0380465644520159,0.09,9999,24,19,19,10.0,INSUFFICIENT_FOR_GATE,BOOM500,ATR_BB_COMPRESSION,wf2,2.0,30,0.31222022913629544,0.4542407400116756,0.3148148148148148,0.4463276836158192,0.323230421686747,0.3585957903374718,0.9328707705566678,1.2930704026270972,-0.022581094778041263,0.10054871379953143,,
11,7,5178,1761,0.6363636363636364,0.34009269988412516,1.8711475917608795,0.003975014196479273,0.0139,9999,24,19,8,8.0,INSUFFICIENT_FOR_GATE,BOOM500,CRT_ATR,wf2,2.0,30,0.35380117450784887,0.8483352890463243,0.2,0.9166666666666666,0.323230421686747,0.3585957903374718,0.5734620492632617,2.6544884284769665,-0.14771812751369667,0.5701245505415793,,
39,17,5178,1761,0.4358974358974359,0.34009269988412516,1.2817018302537893,0.009653605905735378,0.109,9999,24,19,17,14.0,INSUFFICIENT_FOR_GATE,BOOM500,CRT_BB,wf2,2.0,30,0.2930475387568963,0.5902430835133052,0.28125,0.5862068965517241,0.323230421686747,0.3585957903374718,0.8210932225375273,1.7233228072022115,-0.06141053564528132,0.24474257228892227,,
0,0,5178,1761,,0.34009269988412516,,0.0,1.0,0,24,19,0,,INSUFFICIENT_FOR_GATE,BOOM500,CRT_CANDLE_COMPRESSION,wf2,2.0,30,,,,,0.323230421686747,0.3585957903374718,,,,,,
9,5,5178,1761,0.5555555555555556,0.34009269988412516,1.6335415483626727,0.0028392958546280523,0.059705970597059704,9998,24,19,7,17.0,INSUFFICIENT_FOR_GATE,BOOM500,CRT_CANDLE_STRUCTURE,wf2,2.0,30,0.26665129349549305,0.8112214789023355,0.2857142857142857,0.8333333333333334,0.323230421686747,0.3585957903374718,0.8300269557277157,2.467284870377616,-0.05754083842406603,0.4971275727911645,,
4,3,5178,1761,0.75,0.34009269988412516,2.205281090289608,0.0017035775127768314,0.00010121457489878542,9879,24,19,4,17.0,INSUFFICIENT_FOR_GATE,BOOM500,CRT_SR,wf2,2.0,30,0.30064184258240184,0.9544127391902995,0.0,1.0,0.323230421686747,0.3585957903374718,0.0,3.0210300787293,-0.333809771083703,0.6689870754643464,,
68,1,5178,145,0.014705882352941176,0.028003089996137504,0.5251521298174442,0.006896551724137931,1.0,9999,24,19,18,3.0,INSUFFICIENT_FOR_GATE,BOOM500,CRT,wf2,3.0,5,0.0026006835761068076,0.07870973128160871,0.0,0.05084745762711865,0.024661144578313254,0.03168593064966122,0.0,1.7739401167642546,-0.03067124747743902,0.022120074117767,,
27,1,5178,145,0.037037037037037035,0.028003089996137504,1.3226053639846742,0.006896551724137931,0.3321,9999,24,19,11,2.0,INSUFFICIENT_FOR_GATE,BOOM500,CRT_MSS,wf2,3.0,5,0.006568145980785103,0.18283465933575843,0.0,0.10810810810810811,0.024661144578313254,0.03168593064966122,0.0,3.850944881109314,-0.03067124747743902,0.07997950335186985,,
52,1,5178,145,0.019230769230769232,0.028003089996137504,0.686737400530504,0.006896551724137931,1.0,9999,24,19,15,3.0,INSUFFICIENT_FOR_GATE,BOOM500,CRT_DISPLACEMENT,wf2,3.0,5,0.0034028080709451597,0.10120511127892247,0.0,0.06976744186046512,0.024661144578313254,0.03168593064966122,0.0,2.4307730122356697,-0.03067124747743902,0.041169753862252044,,
25,2,5178,145,0.08,0.028003089996137504,2.856827586206897,0.013793103448275862,0.0778,9999,24,19,11,2.0,INSUFFICIENT_FOR_GATE,BOOM500,CRT_MSS_DISPLACEMENT,wf2,3.0,5,0.022220401284847563,0.24966108950395313,0.0,0.15,0.024661144578313254,0.03168593064966122,0.0,5.425093707105898,-0.029557289663122478,0.12210864351352001,,
13,1,5178,145,0.07692307692307693,0.028003089996137504,2.746949602122016,0.006896551724137931,0.1646,9999,24,19,8,2.0,INSUFFICIENT_FOR_GATE,BOOM500,CRT_MSS_DISPLACEMENT_FVG,wf2,3.0,5,0.013710421242556586,0.3331395092109959,0.0,0.17647058823529413,0.024661144578313254,0.03168593064966122,0.0,6.2673321162918505,-0.03067124747743902,0.14833432262437604,,
425,11,5178,145,0.02588235294117647,0.028003089996137504,0.9242677484787019,0.07586206896551724,1.0,9999,24,19,19,2.0,INSUFFICIENT_FOR_GATE,BOOM500,ATR_COMPRESSION,wf2,3.0,5,0.014512585855183481,0.0457461841148601,0.01488833746898263,0.036637931034482756,0.024661144578313254,0.03168593064966122,0.5330715062916277,1.3373713268828535,-0.013427851166504651,0.00904184493789814,,
375,10,5178,145,0.02666666666666667,0.028003089996137504,0.9522758620689656,0.06896551724137931,1.0,9999,24,19,19,3.5,INSUFFICIENT_FOR_GATE,BOOM500,BB_SQUEEZE,wf2,3.0,5,0.014548059337040474,0.048384490059508824,0.012951694313906628,0.04136757462465128,0.024661144578313254,0.03168593064966122,0.45583680725370096,1.5172588721851983,-0.015648932440588653,0.013872924055529466,,
0,0,5178,145,,0.028003089996137504,,0.0,1.0,0,24,19,0,,INSUFFICIENT_FOR_GATE,BOOM500,CANDLE_COMPRESSION,wf2,3.0,5,,,,,0.024661144578313254,0.03168593064966122,,,,,,
175,2,5178,145,0.011428571428571429,0.028003089996137504,0.40811822660098523,0.013793103448275862,1.0,9999,24,19,19,2.5,INSUFFICIENT_FOR_GATE,BOOM500,CANDLE_STRUCTURE,wf2,3.0,5,0.0031397421115955844,0.0407061249060513,0.0,0.02857142857142857,0.024661144578313254,0.03168593064966122,0.0,1.010062985839867,-0.029161838547701817,0.00027538551851893824,,
223,6,5178,145,0.026905829596412557,0.028003089996137504,0.960816452760167,0.041379310344827586,1.0,9999,24,19,19,3.5,INSUFFICIENT_FOR_GATE,BOOM500,SR_ALIGNMENT,wf2,3.0,5,0.012388259565339909,0.05744667670711609,0.004273504273504274,0.060871772235709526,0.024661144578313254,0.03168593064966122,0.1555217212327304,2.064674894641781,-0.023712497982007176,0.03127986032909183,,
176,3,5178,145,0.017045454545454544,0.028003089996137504,0.6086990595611285,0.020689655172413793,1.0,9999,24,19,19,4.0,INSUFFICIENT_FOR_GATE,BOOM500,ATR_BB_COMPRESSION,wf2,3.0,5,0.005813642625307883,0.04890932773552685,0.0,0.035897435897435895,0.024661144578313254,0.03168593064966122,0.0,1.3493309471444481,-0.02804969879518072,0.009193583445215104,,
11,0,5178,145,0.0,0.028003089996137504,0.0,0.0,1.0,9999,24,19,8,,INSUFFICIENT_FOR_GATE,BOOM500,CRT_ATR,wf2,3.0,5,0.0,0.2588329669680317,0.0,0.0,0.024661144578313254,0.03168593064966122,0.0,0.0,-0.03168593064966122,-0.024661144578313254,,
39,0,5178,145,0.0,0.028003089996137504,0.0,0.0,1.0,9999,24,19,17,,INSUFFICIENT_FOR_GATE,BOOM500,CRT_BB,wf2,3.0,5,0.0,0.08966685370757142,0.0,0.0,0.024661144578313254,0.03168593064966122,0.0,0.0,-0.03168593064966122,-0.024661144578313254,,
0,0,5178,145,,0.028003089996137504,,0.0,1.0,0,24,19,0,,INSUFFICIENT_FOR_GATE,BOOM500,CRT_CANDLE_COMPRESSION,wf2,3.0,5,,,,,0.024661144578313254,0.03168593064966122,,,,,,
9,0,5178,145,0.0,0.028003089996137504,0.0,0.0,1.0,9998,24,19,7,,INSUFFICIENT_FOR_GATE,BOOM500,CRT_CANDLE_STRUCTURE,wf2,3.0,5,0.0,0.2991450484195441,0.0,0.0,0.024661144578313254,0.03168593064966122,0.0,0.0,-0.03168593064966122,-0.024661144578313254,,
4,0,5178,145,0.0,0.028003089996137504,0.0,0.0,1.0,9879,24,19,4,,INSUFFICIENT_FOR_GATE,BOOM500,CRT_SR,wf2,3.0,5,0.0,0.4898908364545973,0.0,0.0,0.024661144578313254,0.03168593064966122,0.0,0.0,-0.031660003157419375,-0.02465483234714004,,
68,5,5178,328,0.07352941176470588,0.06334492081884897,1.1607783357245338,0.01524390243902439,0.3543,9999,24,19,18,8.0,INSUFFICIENT_FOR_GATE,BOOM500,CRT,wf2,3.0,10,0.031814844251117996,0.16085188395717748,0.023795518207282918,0.1388888888888889,0.05756578947368421,0.06987672441974499,0.39705590396928697,2.1250972973598907,-0.03748568363766982,0.07294189041364582,,
27,2,5178,328,0.07407407407407407,0.06334492081884897,1.1693766937669376,0.006097560975609756,0.3568,9999,24,19,11,4.5,INSUFFICIENT_FOR_GATE,BOOM500,CRT_MSS,wf2,3.0,10,0.020554654060988622,0.23369592683023144,0.0,0.14285714285714285,0.05756578947368421,0.06987672441974499,0.0,2.2552525131162637,-0.06547106888982974,0.07970151238708609,,
52,4,5178,328,0.07692307692307693,0.06334492081884897,1.2143527204502815,0.012195121951219513,0.3408,9999,24,19,15,7.5,INSUFFICIENT_FOR_GATE,BOOM500,CRT_DISPLACEMENT,wf2,3.0,10,0.030319345184930124,0.1817356238429534,0.017543859649122806,0.15555555555555556,0.05756578947368421,0.06987672441974499,0.2872262520388784,2.34521012573438,-0.04397985418685737,0.08885280166530167,,
25,2,5178,328,0.08,0.06334492081884897,1.2629268292682927,0.006097560975609756,0.3084,9999,24,19,11,2.0,INSUFFICIENT_FOR_GATE,BOOM500,CRT_MSS_DISPLACEMENT,wf2,3.0,10,0.022220401284847563,0.24966108950395313,0.0,0.15,0.05756578947368421,0.06987672441974499,0.0,2.3437971709901535,-0.06547106888982974,0.08576890554383887,,
13,1,5178,328,0.07692307692307693,0.06334492081884897,1.2143527204502815,0.003048780487804878,0.3614,9999,24,19,8,2.0,INSUFFICIENT_FOR_GATE,BOOM500,CRT_MSS_DISPLACEMENT_FVG,wf2,3.0,10,0.013710421242556586,0.3331395092109959,0.0,0.17647058823529413,0.05756578947368421,0.06987672441974499,0.0,2.752492804577494,-0.06745707336552074,0.11210104253336349,,
425,30,5178,328,0.07058823529411765,0.06334492081884897,1.1143472022955525,0.09146341463414634,0.2898,9999,24,19,19,6.0,INSUFFICIENT_FOR_GATE,BOOM500,ATR_COMPRESSION,wf2,3.0,10,0.049889442247204444,0.09898016330879035,0.047926716166455385,0.09595959595959595,0.05756578947368421,0.06987672441974499,0.7514462623365818,1.5288566319592205,-0.016077771209452897,0.032854020789074456,,
375,29,5178,328,0.07733333333333334,0.06334492081884897,1.2208292682926831,0.08841463414634146,0.1386,9999,24,19,19,7.0,INSUFFICIENT_FOR_GATE,BOOM500,BB_SQUEEZE,wf2,3.0,10,0.05438155964650351,0.1088568013639363,0.056451612903225805,0.10236457641589979,0.05756578947368421,0.06987672441974499,0.8701487439739997,1.6905504702769123,-0.008668889638126615,0.041693919085694475,,
0,0,5178,328,,0.06334492081884897,,0.0,1.0,0,24,19,0,,INSUFFICIENT_FOR_GATE,BOOM500,CANDLE_COMPRESSION,wf2,3.0,10,,,,,0.05756578947368421,0.06987672441974499,,,,,,
175,8,5178,328,0.045714285714285714,0.06334492081884897,0.7216724738675958,0.024390243902439025,1.0,9999,24,19,19,7.0,INSUFFICIENT_FOR_GATE,BOOM500,CANDLE_STRUCTURE,wf2,3.0,10,0.023343439021955972,0.08760096364357534,0.015789473684210527,0.08176100628930817,0.05756578947368421,0.06987672441974499,0.2520540112411464,1.3031073336995393,-0.04907066496267446,0.01876261417171769,,
223,11,5178,328,0.04932735426008968,0.06334492081884897,0.7787104888986109,0.03353658536585366,1.0,9999,24,19,19,5.0,INSUFFICIENT_FOR_GATE,BOOM500,SR_ALIGNMENT,wf2,3.0,10,0.027763776173882905,0.08615481240793538,0.018433179723502304,0.08878504672897196,0.05756578947368421,0.06987672441974499,0.28831144281049764,1.4282469876784858,-0.045817741397846605,0.026499619498243466,,
176,12,5178,328,0.06818181818181818,0.06334492081884897,1.0763580931263859,0.036585365853658534,0.3829,9999,24,19,19,8.5,INSUFFICIENT_FOR_GATE,BOOM500,ATR_BB_COMPRESSION,wf2,3.0,10,0.039429787027251854,0.11538133941302392,0.03487363892996371,0.10714285714285714,0.05756578947368421,0.06987672441974499,0.569338099817695,1.666022152487171,-0.026651459505774782,0.04239153100744866,,
11,1,5178,328,0.09090909090909091,0.06334492081884897,1.4351441241685146,0.003048780487804878,0.3415,9999,24,19,8,8.0,INSUFFICIENT_FOR_GATE,BOOM500,CRT_ATR,wf2,3.0,10,0.016232172885884855,0.37735843645159567,0.0,0.3333333333333333,0.05756578947368421,0.06987672441974499,0.0,5.321377490417931,-0.06822810590631365,0.2707665948545022,,
39,0,5178,328,0.0,0.06334492081884897,0.0,0.0,1.0,9999,24,19,17,,INSUFFICIENT_FOR_GATE,BOOM500,CRT_BB,wf2,3.0,10,0.0,0.08966685370757142,0.0,0.0,0.05756578947368421,0.06987672441974499,0.0,0.0,-0.069876724419745,-0.05756578947368421,,
0,0,5178,328,,0.06334492081884897,,0.0,1.0,0,24,19,0,,INSUFFICIENT_FOR_GATE,BOOM500,CRT_CANDLE_COMPRESSION,wf2,3.0,10,,,,,0.05756578947368421,0.06987672441974499,,,,,,
9,0,5178,328,0.0,0.06334492081884897,0.0,0.0,1.0,9998,24,19,7,,INSUFFICIENT_FOR_GATE,BOOM500,CRT_CANDLE_STRUCTURE,wf2,3.0,10,0.0,0.2991450484195441,0.0,0.0,0.05756578947368421,0.06987672441974499,0.0,0.0,-0.06985753335682467,-0.05756578947368421,,
4,0,5178,328,0.0,0.06334492081884897,0.0,0.0,1.0,9879,24,19,4,,INSUFFICIENT_FOR_GATE,BOOM500,CRT_SR,wf2,3.0,10,0.0,0.4898908364545973,0.0,0.0,0.05756578947368421,0.06987672441974499,0.0,0.0,-0.06974890394579514,-0.05756578947368421,,
68,9,5178,532,0.1323529411764706,0.10274237157203553,1.288202122954445,0.016917293233082706,0.2237,9999,24,19,18,10.0,INSUFFICIENT_FOR_GATE,BOOM500,CRT,wf2,3.0,15,0.07122244410229805,0.23280059745657733,0.056338028169014086,0.21212121212121213,0.09411549707602339,0.11240786240786241,0.5620889609907647,2.0103888986634866,-0.04415490837144639,0.10628640381357769,,
27,3,5178,532,0.1111111111111111,0.10274237157203553,1.081453634085213,0.005639097744360902,0.4004,9999,24,19,11,7.0,INSUFFICIENT_FOR_GATE,BOOM500,CRT_MSS,wf2,3.0,15,0.038520348283098374,0.2805780081827982,0.0,0.22857142857142856,0.09411549707602339,0.11240786240786241,0.0,2.215395827980098,-0.10571927161848506,0.12461236598946215,,
52,7,5178,532,0.1346153846153846,0.10274237157203553,1.3102226720647774,0.013157894736842105,0.2234,9999,24,19,15,10.0,INSUFFICIENT_FOR_GATE,BOOM500,CRT_DISPLACEMENT,wf2,3.0,15,0.06676881705396139,0.25273320165193797,0.05172413793103448,0.2222222222222222,0.09411549707602339,0.11240786240786241,0.510972571425119,2.1172424132349708,-0.049546105043633895,0.11706411038331714,,
25,3,5178,532,0.12,0.10274237157203553,1.16796992481203,0.005639097744360902,0.3521,9999,24,19,11,2.0,INSUFFICIENT_FOR_GATE,BOOM500,CRT_MSS_DISPLACEMENT,wf2,3.0,15,0.04166817150440358,0.2995579392092732,0.0,0.23529411764705882,0.09411549707602339,0.11240786240786241,0.0,2.3033621449595807,-0.10571927161848506,0.1337826009605973,,
13,2,5178,532,0.15384615384615385,0.10274237157203553,1.4973973395026028,0.0037593984962406013,0.1406,9999,24,19,8,7.0,INSUFFICIENT_FOR_GATE,BOOM500,CRT_MSS_DISPLACEMENT_FVG,wf2,3.0,15,0.043258178358081184,0.4223463101948254,0.0,0.25,0.09411549707602339,0.11240786240786241,0.0,2.369219453097957,-0.10571927161848506,0.14097014776137498,,
425,51,5178,532,0.12,0.10274237157203553,1.16796992481203,0.09586466165413533,0.1112,9999,24,19,19,9.0,INSUFFICIENT_FOR_GATE,BOOM500,ATR_COMPRESSION,wf2,3.0,15,0.0924600267076858,0.15434787081172877,0.09263438022345385,0.15024630541871922,0.09411549707602339,0.11240786240786241,0.9155756748460512,1.4342339409090907,-0.008742086131365167,0.044506924540539526,,
375,45,5178,532,0.12,0.10274237157203553,1.16796992481203,0.08458646616541353,0.112,9999,24,19,19,9.0,INSUFFICIENT_FOR_GATE,BOOM500,BB_SQUEEZE,wf2,3.0,15,0.09090426121789383,0.15680215167792746,0.09577464788732394,0.14652956298200515,0.09411549707602339,0.11240786240786241,0.9105994072788016,1.4659165848873101,-0.009628583463725684,0.04634924730574824,,
0,0,5178,532,,0.10274237157203553,,0.0,1.0,0,24,19,0,,INSUFFICIENT_FOR_GATE,BOOM500,CANDLE_COMPRESSION,wf2,3.0,15,,,,,0.09411549707602339,0.11240786240786241,,,,,,
175,17,5178,532,0.09714285714285714,0.10274237157203553,0.945499462943072,0.03195488721804511,1.0,9999,24,19,19,12.0,INSUFFICIENT_FOR_GATE,BOOM500,CANDLE_STRUCTURE,wf2,3.0,15,0.061538009435717626,0.1500541967016403,0.05128205128205128,0.14705882352941177,0.09411549707602339,0.11240786240786241,0.5045135109536951,1.4352017554326661,-0.05059846427722197,0.044382928759839645,,
223,25,5178,532,0.11210762331838565,0.10274237157203553,1.091152769816919,0.046992481203007516,0.3392,9999,24,19,19,12.0,INSUFFICIENT_FOR_GATE,BOOM500,SR_ALIGNMENT,wf2,3.0,15,0.07709749479394692,0.16025532025408576,0.07112877731287774,0.1620432932932932,0.09411549707602339,0.11240786240786241,0.6871070087286303,1.588699403333977,-0.032876345415931624,0.05987011001320835,,
176,21,5178,532,0.11931818181818182,0.10274237157203553,1.1613337320574164,0.039473684210526314,0.189,9999,24,19,19,10.0,INSUFFICIENT_FOR_GATE,BOOM500,ATR_BB_COMPRESSION,wf2,3.0,15,0.0793800585193726,0.17551922400034423,0.08152173913043478,0.15950920245398773,0.09411549707602339,0.11240786240786241,0.8201908548335303,1.5064774613431342,-0.017946159089962953,0.05279011561135613,,
11,1,5178,532,0.09090909090909091,0.10274237157203553,0.8848257006151744,0.0018796992481203006,1.0,9999,24,19,8,8.0,INSUFFICIENT_FOR_GATE,BOOM500,CRT_ATR,wf2,3.0,15,0.016232172885884855,0.37735843645159567,0.0,0.3333333333333333,0.09411549707602339,0.11240786240786241,0.0,3.2689318996415753,-0.11012939195356364,0.23136322463768108,,
39,3,5178,532,0.07692307692307693,0.10274237157203553,0.7486986697513014,0.005639097744360902,1.0,9999,24,19,17,12.0,INSUFFICIENT_FOR_GATE,BOOM500,CRT_BB,wf2,3.0,15,0.02650739530377974,0.20321071167954996,0.0,0.16281442809681979,0.09411549707602339,0.11240786240786241,0.0,1.5977814380741202,-0.10814986481266899,0.06068636457692258,,
0,0,5178,532,,0.10274237157203553,,0.0,1.0,0,24,19,0,,INSUFFICIENT_FOR_GATE,BOOM500,CRT_CANDLE_COMPRESSION,wf2,3.0,15,,,,,0.09411549707602339,0.11240786240786241,,,,,,
9,0,5178,532,0.0,0.10274237157203553,0.0,0.0,1.0,9998,24,19,7,,INSUFFICIENT_FOR_GATE,BOOM500,CRT_CANDLE_STRUCTURE,wf2,3.0,15,0.0,0.2991450484195441,0.0,0.0,0.09411549707602339,0.11240786240786241,0.0,0.0,-0.11240497579405286,-0.09411549707602339,,
4,0,5178,532,0.0,0.10274237157203553,0.0,0.0,1.0,9879,24,19,4,,INSUFFICIENT_FOR_GATE,BOOM500,CRT_SR,wf2,3.0,15,0.0,0.4898908364545973,0.0,0.0,0.09411549707602339,0.11240786240786241,0.0,0.0,-0.11239210312615219,-0.09411549707602339,,
68,18,5178,1072,0.2647058823529412,0.20702974121282347,1.2785886742756805,0.016791044776119403,0.0741,9999,24,19,18,15.0,INSUFFICIENT_FOR_GATE,BOOM500,CRT,wf2,3.0,30,0.17449740669878908,0.38007733989889125,0.1780821917808219,0.3421232876712326,0.1909722222222222,0.2244400594247571,0.8638811904611879,1.6461084205685073,-0.02878338670272305,0.13320963152089454,,
27,9,5178,1072,0.3333333333333333,0.20702974121282347,1.6100746268656716,0.008395522388059701,0.0353,9999,24,19,11,20.0,INSUFFICIENT_FOR_GATE,BOOM500,CRT_MSS,wf2,3.0,30,0.18643261498715644,0.5217523949267991,0.15,0.46875,0.1909722222222222,0.2244400594247571,0.7381651356079082,2.284368777883518,-0.05392855734666831,0.26163574304739723,,
52,15,5178,1072,0.28846153846153844,0.20702974121282347,1.3933338117106773,0.013992537313432836,0.05,9999,24,19,15,16.0,INSUFFICIENT_FOR_GATE,BOOM500,CRT_DISPLACEMENT,wf2,3.0,30,0.18329960414709912,0.4227278803668426,0.18325757575757576,0.3902629573170729,0.1909722222222222,0.2244400594247571,0.8876966451905942,1.85026529887674,-0.023019075499243074,0.17846136020562897,,
25,8,5178,1072,0.32,0.20702974121282347,1.545671641791045,0.007462686567164179,0.0721,9999,24,19,11,20.5,INSUFFICIENT_FOR_GATE,BOOM500,CRT_MSS_DISPLACEMENT,wf2,3.0,30,0.1720519030690798,0.5158973072689775,0.11538461538461539,0.4666666666666667,0.1909722222222222,0.2244400594247571,0.5557757037370505,2.280081909600194,-0.09197610457309113,0.26117753680877026,,
13,2,5178,1072,0.15384615384615385,0.20702974121282347,0.7431113662456947,0.0018656716417910447,1.0,9999,24,19,8,7.0,INSUFFICIENT_FOR_GATE,BOOM500,CRT_MSS_DISPLACEMENT_FVG,wf2,3.0,30,0.043258178358081184,0.4223463101948254,0.0,0.25,0.1909722222222222,0.2244400594247571,0.0,1.1958329549238635,-0.21462734157034674,0.0394633475416335,,
425,94,5178,1072,0.2211764705882353,0.20702974121282347,1.0683318700614575,0.08768656716417911,0.2445,9999,24,19,19,15.0,INSUFFICIENT_FOR_GATE,BOOM500,ATR_COMPRESSION,wf2,3.0,30,0.1843132237392815,0.2630349858957069,0.18246363407506322,0.2608695652173913,0.1909722222222222,0.2244400594247571,0.8814008764705085,1.2618121772505406,-0.025212200947860326,0.05291844832853124,,
375,81,5178,1072,0.216,0.20702974121282347,1.0433283582089552,0.07555970149253731,0.3367,9999,24,19,19,14.0,INSUFFICIENT_FOR_GATE,BOOM500,BB_SQUEEZE,wf2,3.0,30,0.17734129976700347,0.26041822987092617,0.17221960167714884,0.26301369863013696,0.1909722222222222,0.2244400594247571,0.8444502552383242,1.2526534877575652,-0.032064067189092244,0.052137499056385206,,
0,0,5178,1072,,0.20702974121282347,,0.0,1.0,0,24,19,0,,INSUFFICIENT_FOR_GATE,BOOM500,CANDLE_COMPRESSION,wf2,3.0,30,,,,,0.1909722222222222,0.2244400594247571,,,,,,
175,41,5178,1072,0.2342857142857143,0.20702974121282347,1.1316524520255864,0.03824626865671642,0.209,9999,24,19,19,18.0,INSUFFICIENT_FOR_GATE,BOOM500,CANDLE_STRUCTURE,wf2,3.0,30,0.17765583772279406,0.30233051100610153,0.17088607594936708,0.29891304347826086,0.1909722222222222,0.2244400594247571,0.8238141048536534,1.4509086993332279,-0.036771264198510595,0.0919018566176433,,
223,57,5178,1072,0.2556053811659193,0.20702974121282347,1.2346312161167259,0.05317164179104478,0.0706,9999,24,19,19,17.0,INSUFFICIENT_FOR_GATE,BOOM500,SR_ALIGNMENT,wf2,3.0,30,0.2028293520271447,0.3166588378008066,0.19047619047619047,0.328125,0.1909722222222222,0.2244400594247571,0.9469934006101218,1.5503286289635076,-0.010826833442558935,0.11581364572671286,,
176,42,5178,1072,0.23863636363636365,0.20702974121282347,1.152667062415197,0.03917910447761194,0.1284,9999,24,19,19,16.5,INSUFFICIENT_FOR_GATE,BOOM500,ATR_BB_COMPRESSION,wf2,3.0,30,0.1816724429219173,0.3067658704498286,0.18128654970760233,0.29842931937172773,0.1909722222222222,0.2244400594247571,0.8907534981725805,1.4124040972957206,-0.02244585508139328,0.08633701451281757,,
11,4,5178,1072,0.36363636363636365,0.20702974121282347,1.7564450474898237,0.0037313432835820895,0.1382,9999,24,19,8,17.5,INSUFFICIENT_FOR_GATE,BOOM500,CRT_ATR,wf2,3.0,30,0.15166471095367573,0.6461988254921511,0.0,0.6666666666666666,0.1909722222222222,0.2244400594247571,0.0,3.2370558911648657,-0.20745871167220767,0.46359435493942797,,
39,10,5178,1072,0.2564102564102564,0.20702974121282347,1.2385189437428243,0.009328358208955223,0.2347,9999,24,19,17,19.5,INSUFFICIENT_FOR_GATE,BOOM500,CRT_BB,wf2,3.0,30,0.14568780540992585,0.4108165592168397,0.10704887218045116,0.39215686274509803,0.1909722222222222,0.2244400594247571,0.5108074295746751,1.9012602914280594,-0.10161895398629617,0.1843567930929051,,
0,0,5178,1072,,0.20702974121282347,,0.0,1.0,0,24,19,0,,INSUFFICIENT_FOR_GATE,BOOM500,CRT_CANDLE_COMPRESSION,wf2,3.0,30,,,,,0.1909722222222222,0.2244400594247571,,,,,,
9,2,5178,1072,0.2222222222222222,0.20702974121282347,1.0733830845771144,0.0018656716417910447,0.4442444244424442,9998,24,19,7,25.0,INSUFFICIENT_FOR_GATE,BOOM500,CRT_CANDLE_STRUCTURE,wf2,3.0,30,0.06322510711784671,0.5474110308930111,0.0,0.5,0.1909722222222222,0.2244400594247571,0.0,2.464820361535638,-0.2178158628935831,0.29711617233784526,,
4,1,5178,1072,0.25,0.20702974121282347,1.2075559701492538,0.0009328358208955224,0.4082995951417004,9879,24,19,4,21.0,INSUFFICIENT_FOR_GATE,BOOM500,CRT_SR,wf2,3.0,30,0.04558726080970055,0.6993581574175981,0.0,1.0,0.1909722222222222,0.2244400594247571,0.0,4.227664294142242,-0.22093501514667027,0.7634614962764006,,
68,10,5052,681,0.14705882352941177,0.1347980997624703,1.0909562062710547,0.014684287812041116,0.3614,9999,24,19,17,2.5,INSUFFICIENT_FOR_GATE,BOOM500,CRT,wf3,1.5,5,0.08188817736343271,0.24997394253308772,0.07142857142857142,0.22058823529411764,0.12767220902612827,0.14204116745313317,0.536612918824819,1.6243626203391035,-0.062383822172553144,0.084499839443336,,
39,7,5052,681,0.1794871794871795,0.1347980997624703,1.3315260363718513,0.010279001468428781,0.2037,9999,24,19,16,3.0,INSUFFICIENT_FOR_GATE,BOOM500,CRT_MSS,wf3,1.5,5,0.08977265473219115,0.32668045661881623,0.08571428571428572,0.3,0.12767220902612827,0.14204116745313317,0.6343359811977106,2.21590268726879,-0.04920067179879118,0.16461120194979453,,
50,6,5052,681,0.12,0.1347980997624703,0.8902202643171806,0.00881057268722467,1.0,9999,24,19,17,2.5,INSUFFICIENT_FOR_GATE,BOOM500,CRT_DISPLACEMENT,wf3,1.5,5,0.05617600150932274,0.23804817383202992,0.047619047619047616,0.1956521739130435,0.12767220902612827,0.14204116745313317,0.35576227583828046,1.4591839761443925,-0.08625241152426588,0.06144212843396534,,
37,7,5052,681,0.1891891891891892,0.1347980997624703,1.4035004167162757,0.010279001468428781,0.1714,9999,24,19,16,3.0,INSUFFICIENT_FOR_GATE,BOOM500,CRT_MSS_DISPLACEMENT,wf3,1.5,5,0.09479978730312018,0.3420469692983842,0.09090909090909091,0.3142857142857143,0.12767220902612827,0.14204116745313317,0.6847645430904576,2.330316834411183,-0.04230669399626477,0.17858722220292284,,
9,1,5052,681,0.1111111111111111,0.1347980997624703,0.8242780225159079,0.0014684287812041115,1.0,9999,24,19,8,3.0,INSUFFICIENT_FOR_GATE,BOOM500,CRT_MSS_DISPLACEMENT_FVG,wf3,1.5,5,0.019890887638544907,0.434999705576656,0.0,0.4,0.12767220902612827,0.14204116745313317,0.0,2.925022212311965,-0.14027608607389364,0.2630808074644328,,
412,46,5052,681,0.11165048543689321,0.1347980997624703,0.8282793721397717,0.06754772393538913,1.0,9999,24,19,19,2.0,INSUFFICIENT_FOR_GATE,BOOM500,ATR_COMPRESSION,wf3,1.5,5,0.08475654593635715,0.1457194125996094,0.0794044665012407,0.1457803424430087,0.12767220902612827,0.14204116745313317,0.6006649629654148,1.0608587149120017,-0.0532396778460497,0.008261602584901256,,
388,63,5052,681,0.16237113402061856,0.1347980997624703,1.2045506153776284,0.09251101321585903,0.07,9999,24,19,19,2.0,INSUFFICIENT_FOR_GATE,BOOM500,BB_SQUEEZE,wf3,1.5,5,0.12901624814661428,0.20234597986129377,0.12535612535612536,0.20479045994150366,0.12767220902612827,0.14204116745313317,0.9575847479321733,1.4756783112302103,-0.005644277451613688,0.06594990565392068,,
0,0,5052,681,,0.1347980997624703,,0.0,1.0,0,24,19,0,,INSUFFICIENT_FOR_GATE,BOOM500,CANDLE_COMPRESSION,wf3,1.5,5,,,,,0.12767220902612827,0.14204116745313317,,,,,,
153,16,5052,681,0.10457516339869281,0.1347980997624703,0.7757910800149722,0.023494860499265784,1.0,9999,24,19,19,2.0,INSUFFICIENT_FOR_GATE,BOOM500,CANDLE_STRUCTURE,wf3,1.5,5,0.06540047117768524,0.1631198390144634,0.06408892525913802,0.1475464847617999,0.12767220902612827,0.14204116745313317,0.4763706442781998,1.080040400150132,-0.06998798393572649,0.010951517279378516,,
214,33,5052,681,0.1542056074766355,0.1347980997624703,1.1439746387253489,0.048458149779735685,0.2041,9999,24,19,19,3.0,INSUFFICIENT_FOR_GATE,BOOM500,SR_ALIGNMENT,wf3,1.5,5,0.11195938590891366,0.20864744071989996,0.10836803615865116,0.2,0.12767220902612827,0.14204116745313317,0.803199693165532,1.4896771309370251,-0.026576962062807408,0.06559021743840864,,
173,22,5052,681,0.12716763005780346,0.1347980997624703,0.943393343688727,0.032305433186490456,1.0,9999,24,19,19,3.0,INSUFFICIENT_FOR_GATE,BOOM500,ATR_BB_COMPRESSION,wf3,1.5,5,0.08549990946533174,0.18503313826982792,0.07692307692307693,0.18404907975460122,0.12767220902612827,0.14204116745313317,0.580927871133053,1.3324767540152156,-0.05513143998911857,0.04566188481072591,,
14,2,5052,681,0.14285714285714285,0.1347980997624703,1.0597860289490244,0.002936857562408223,0.4383,9999,24,19,9,4.0,INSUFFICIENT_FOR_GATE,BOOM500,CRT_ATR,wf3,1.5,5,0.040093921271464966,0.39941379496970353,0.0,0.3333333333333333,0.12767220902612827,0.14204116745313317,0.0,2.448821324472813,-0.13615449154975967,0.1973042150146334,,
28,1,5052,681,0.03571428571428571,0.1347980997624703,0.2649465072372561,0.0014684287812041115,1.0,9999,24,19,15,5.0,INSUFFICIENT_FOR_GATE,BOOM500,CRT_BB,wf3,1.5,5,0.0063325198490377654,0.17712197743353317,0.0,0.12,0.12767220902612827,0.14204116745313317,0.0,0.8765927208007442,-0.14051800652927973,-0.016819891260946778,,
0,0,5052,681,,0.1347980997624703,,0.0,1.0,0,24,19,0,,INSUFFICIENT_FOR_GATE,BOOM500,CRT_CANDLE_COMPRESSION,wf3,1.5,5,,,,,0.12767220902612827,0.14204116745313317,,,,,,
10,1,5052,681,0.1,0.1347980997624703,0.7418502202643172,0.0014684287812041115,1.0,9988,24,19,6,3.0,INSUFFICIENT_FOR_GATE,BOOM500,CRT_CANDLE_STRUCTURE,wf3,1.5,5,0.017876213095072896,0.4041500267952385,0.0,0.3333333333333333,0.12767220902612827,0.14204116745313317,0.0,2.4065039231601704,-0.13873291503572638,0.19481978069057015,,
5,0,5052,681,0.0,0.1347980997624703,0.0,0.0,1.0,9965,24,19,5,,INSUFFICIENT_FOR_GATE,BOOM500,CRT_SR,wf3,1.5,5,0.0,0.43448246478317476,0.0,0.0,0.12767220902612827,0.14204116745313317,0.0,0.0,-0.14204713660537652,-0.12767644726407612,,
68,24,5052,1149,0.35294117647058826,0.22743467933491687,1.5518353555521425,0.020887728459530026,0.0016,9999,24,19,17,7.0,INSUFFICIENT_FOR_GATE,BOOM500,CRT,wf3,1.5,10,0.25001976884865196,0.4715894477748983,0.2638888888888889,0.43333333333333335,0.2172398219664497,0.23775230841616185,1.1643605342329486,1.9078855253461584,0.037235421732888595,0.20554203092991116,,
39,10,5052,1149,0.2564102564102564,0.22743467933491687,1.1274017540336077,0.008703220191470844,0.3109,9999,24,19,16,5.0,INSUFFICIENT_FOR_GATE,BOOM500,CRT_MSS,wf3,1.5,10,0.14568780540992585,0.4108165592168397,0.15683210784313725,0.39285714285714285,0.2172398219664497,0.23775230841616185,0.6888213621818334,1.7342126834089802,-0.07166870359723292,0.16602640852266587,,
50,13,5052,1149,0.26,0.22743467933491687,1.1431853785900783,0.011314186248912098,0.2769,9999,24,19,17,6.0,INSUFFICIENT_FOR_GATE,BOOM500,CRT_DISPLACEMENT,wf3,1.5,10,0.15871527493552393,0.39553157264848837,0.15217391304347827,0.375,0.2172398219664497,0.23775230841616185,0.6688317464177944,1.6715642820528611,-0.07599840584123477,0.1500856840385662,,
37,10,5052,1149,0.2702702702702703,0.22743467933491687,1.188342389386776,0.008703220191470844,0.2593,9999,24,19,16,4.0,INSUFFICIENT_FOR_GATE,BOOM500,CRT_MSS_DISPLACEMENT,wf3,1.5,10,0.15397461511049093,0.4297816832471427,0.16666666666666666,0.4166666666666667,0.2172398219664497,0.23775230841616185,0.724229375041611,1.8384195070276148,-0.06309963110070432,0.1890961408793891,,
9,3,5052,1149,0.3333333333333333,0.22743467933491687,1.46562228024369,0.0026109660574412533,0.2241,9999,24,19,8,6.0,INSUFFICIENT_FOR_GATE,BOOM500,CRT_MSS_DISPLACEMENT_FVG,wf3,1.5,10,0.1205838183869109,0.6457978644196036,0.0,0.625,0.2172398219664497,0.23775230841616185,0.0,2.8108545125338966,-0.22886317683652016,0.40552369204503175,,
412,85,5052,1149,0.20631067961165048,0.22743467933491687,0.9071205860731577,0.07397737162750218,1.0,9999,24,19,19,5.0,INSUFFICIENT_FOR_GATE,BOOM500,ATR_COMPRESSION,wf3,1.5,10,0.17003631066054775,0.2480111329822769,0.17929292929292928,0.2332602001539645,0.2172398219664497,0.23775230841616185,0.7944574958301975,1.0165003773066366,-0.0467371862985545,0.0037498154937431923,,
388,98,5052,1149,0.25257731958762886,0.22743467933491687,1.1105488412155795,0.08529155787641428,0.1069,9999,24,19,19,4.0,INSUFFICIENT_FOR_GATE,BOOM500,BB_SQUEEZE,wf3,1.5,10,0.2119143474123982,0.29809156013538174,0.21012658227848102,0.29649595687331537,0.2172398219664497,0.23775230841616185,0.9416963473099684,1.2850988983067229,-0.012950976991145502,0.06524714114590084,,
0,0,5052,1149,,0.22743467933491687,,0.0,1.0,0,24,19,0,,INSUFFICIENT_FOR_GATE,BOOM500,CANDLE_COMPRESSION,wf3,1.5,10,,,,,0.2172398219664497,0.23775230841616185,,,,,,
153,35,5052,1149,0.22875816993464052,0.22743467933491687,1.0058192119319442,0.030461270670147953,0.4677,9999,24,19,19,7.0,INSUFFICIENT_FOR_GATE,BOOM500,CANDLE_STRUCTURE,wf3,1.5,10,0.16933105220503897,0.30147213577800513,0.174496644295302,0.2838709677419355,0.2172398219664497,0.23775230841616185,0.7809663253661455,1.2212732860575108,-0.049132610228729216,0.051325480785213345,,
214,47,5052,1149,0.21962616822429906,0.22743467933491687,0.9656670164222444,0.040905134899912966,1.0,9999,24,19,19,4.0,INSUFFICIENT_FOR_GATE,BOOM500,SR_ALIGNMENT,wf3,1.5,10,0.16937270306905042,0.2797679671705282,0.1666302765647744,0.2727272727272727,0.2172398219664497,0.23775230841616185,0.7381370200812953,1.1993146173344853,-0.059398767392511466,0.0450904222981668,,
173,37,5052,1149,0.2138728323699422,0.22743467933491687,0.9403703647806335,0.03220191470844212,1.0,9999,24,19,19,5.0,INSUFFICIENT_FOR_GATE,BOOM500,ATR_BB_COMPRESSION,wf3,1.5,10,0.15933563496078357,0.28084089004526924,0.1635158465902084,0.26136363636363635,0.2172398219664497,0.23775230841616185,0.7294044289575136,1.1306620076134954,-0.060742436668678894,0.03019886909128473,,
14,5,5052,1149,0.35714285714285715,0.22743467933491687,1.5703095859753824,0.004351610095735422,0.1445,9999,24,19,9,7.0,INSUFFICIENT_FOR_GATE,BOOM500,CRT_ATR,wf3,1.5,10,0.1634473175355414,0.612355768960926,0.1,0.6,0.2172398219664497,0.23775230841616185,0.439579023621108,2.6070619228363636,-0.12738712902812174,0.3667795400058742,,
28,6,5052,1149,0.21428571428571427,0.22743467933491687,0.9421857515852293,0.005221932114882507,1.0,9999,24,19,15,7.0,INSUFFICIENT_FOR_GATE,BOOM500,CRT_BB,wf3,1.5,10,0.10212460332897882,0.39538585653721864,0.06451612903225806,0.38095238095238093,0.2172398219664497,0.23775230841616185,0.2802135137624317,1.6845924052146422,-0.165677660574825,0.15496018790593855,,
0,0,5052,1149,,0.22743467933491687,,0.0,1.0,0,24,19,0,,INSUFFICIENT_FOR_GATE,BOOM500,CRT_CANDLE_COMPRESSION,wf3,1.5,10,,,,,0.2172398219664497,0.23775230841616185,,,,,,
10,6,5052,1149,0.6,0.22743467933491687,2.638120104438642,0.005221932114882507,0.011212333566923615,9988,24,19,6,7.0,INSUFFICIENT_FOR_GATE,BOOM500,CRT_CANDLE_STRUCTURE,wf3,1.5,10,0.31267376973365824,0.8318196702937638,0.25,0.8571428571428571,0.2172398219664497,0.23775230841616185,1.1074331620308344,3.7313316401401404,0.024252740908999686,0.6246706651405385,,
5,2,5052,1149,0.4,0.22743467933491687,1.7587467362924283,0.0017406440382941688,0.21703792895845875,9965,24,19,5,8.5,INSUFFICIENT_FOR_GATE,BOOM500,CRT_SR,wf3,1.5,10,0.11762077423264783,0.769275718723987,0.0,1.0,0.2172398219664497,0.23775230841616185,0.0,4.356087143427396,-0.2290091524074811,0.7704361799994691,,
68,31,5052,1490,0.45588235294117646,0.29493269992082344,1.545716541650217,0.02080536912751678,0.0003,9999,24,19,17,7.0,INSUFFICIENT_FOR_GATE,BOOM500,CRT,wf3,1.5,15,0.34304882927391533,0.5734339357131498,0.36231884057971014,0.5432423651721893,0.28266683676543347,0.3066821166473542,1.245990236375603,1.8323350104186902,0.07174156167885885,0.24589440086332393,,
39,13,5052,1490,0.3333333333333333,0.29493269992082344,1.130201342281879,0.0087248322147651,0.3215,9999,24,19,16,5.0,INSUFFICIENT_FOR_GATE,BOOM500,CRT_MSS,wf3,1.5,15,0.20632956189598373,0.4902260560065401,0.20454545454545456,0.5,0.28266683676543347,0.3066821166473542,0.6949520116129319,1.6963487091744514,-0.08963143178587818,0.20544053449969296,,
50,20,5052,1490,0.4,0.29493269992082344,1.356241610738255,0.013422818791946308,0.0664,9999,24,19,17,7.0,INSUFFICIENT_FOR_GATE,BOOM500,CRT_DISPLACEMENT,wf3,1.5,15,0.27608389730256544,0.5381856225241064,0.27450980392156865,0.5384615384615384,0.28266683676543347,0.3066821166473542,0.9340873086469955,1.8266189260801324,-0.01918779837989053,0.24314937086590244,,
37,13,5052,1490,0.35135135135135137,0.29493269992082344,1.1912933067295484,0.0087248322147651,0.2632,9999,24,19,16,5.0,INSUFFICIENT_FOR_GATE,BOOM500,CRT_MSS_DISPLACEMENT,wf3,1.5,15,0.2182560713392713,0.5124097687744917,0.21621621621621623,0.53125,0.28266683676543347,0.3066821166473542,0.7377417343834981,1.7985548349205833,-0.07723158216509156,0.2354671813945483,,
9,4,5052,1490,0.4444444444444444,0.29493269992082344,1.5069351230425054,0.0026845637583892616,0.17,9999,24,19,8,6.5,INSUFFICIENT_FOR_GATE,BOOM500,CRT_MSS_DISPLACEMENT_FVG,wf3,1.5,15,0.18877852109766452,0.733348706504507,0.125,0.75,0.28266683676543347,0.3066821166473542,0.43335262529359486,2.619365535920392,-0.1653455783906736,0.4664033950773424,,
412,118,5052,1490,0.28640776699029125,0.29493269992082344,0.9710953280771486,0.07919463087248323,1.0,9999,24,19,19,7.0,INSUFFICIENT_FOR_GATE,BOOM500,ATR_COMPRESSION,wf3,1.5,15,0.244884924272174,0.3318768529226076,0.25592169576677015,0.3236721332316298,0.28266683676543347,0.3066821166473542,0.8781285251390648,1.0765443938309074,-0.03602105925603559,0.02302078999297671,,
388,114,5052,1490,0.29381443298969073,0.29493269992082344,0.9962083996402131,0.07651006711409396,1.0,9999,24,19,19,5.0,INSUFFICIENT_FOR_GATE,BOOM500,BB_SQUEEZE,wf3,1.5,15,0.25068923924781794,0.3409823503753321,0.25699745547073793,0.33076923076923076,0.28266683676543347,0.3066821166473542,0.876826736443062,1.1185099653390547,-0.03626299777177417,0.034905118595231446,,
0,0,5052,1490,,0.29493269992082344,,0.0,1.0,0,24,19,0,,INSUFFICIENT_FOR_GATE,BOOM500,CANDLE_COMPRESSION,wf3,1.5,15,,,,,0.28266683676543347,0.3066821166473542,,,,,,
153,44,5052,1490,0.2875816993464052,0.29493269992082344,0.975075667851033,0.02953020134228188,1.0,9999,24,19,19,7.0,INSUFFICIENT_FOR_GATE,BOOM500,CANDLE_STRUCTURE,wf3,1.5,15,0.2217556610008757,0.36381310067259254,0.22818791946308725,0.3493150684931507,0.28266683676543347,0.3066821166473542,0.7865097489000442,1.1638310643908603,-0.06240306362429127,0.04908084621913625,,
214,68,5052,1490,0.3177570093457944,0.29493269992082344,1.0773881954462774,0.04563758389261745,0.2403,9999,24,19,19,6.0,INSUFFICIENT_FOR_GATE,BOOM500,SR_ALIGNMENT,wf3,1.5,15,0.2590578686567079,0.38288356699901815,0.25925925925925924,0.3809630578688873,0.28266683676543347,0.3066821166473542,0.8735856277462232,1.2964728616685417,-0.03778708296030001,0.08680954108525218,,
173,53,5052,1490,0.3063583815028902,0.29493269992082344,1.0387399619816116,0.03557046979865772,0.3439,9999,24,19,19,7.0,INSUFFICIENT_FOR_GATE,BOOM500,ATR_BB_COMPRESSION,wf3,1.5,15,0.2424926683625053,0.3786368990658334,0.2457092731829574,0.361715180785798,0.28266683676543347,0.3066821166473542,0.8445438296778847,1.2118006194696713,-0.04530464851374357,0.0632983415257106,,
14,5,5052,1490,0.35714285714285715,0.29493269992082344,1.2109300095877278,0.003355704697986577,0.2924,9999,24,19,9,7.0,INSUFFICIENT_FOR_GATE,BOOM500,CRT_ATR,wf3,1.5,15,0.1634473175355414,0.612355768960926,0.1,0.6,0.28266683676543347,0.3066821166473542,0.3391642466973073,2.0089886875741407,-0.19420043049272864,0.29808914068978065,,
28,11,5052,1490,0.39285714285714285,0.29493269992082344,1.3320230105465005,0.00738255033557047,0.1278,9999,24,19,15,10.0,INSUFFICIENT_FOR_GATE,BOOM500,CRT_BB,wf3,1.5,15,0.2356568654157959,0.5759095570340281,0.20689655172413793,0.5625,0.28266683676543347,0.3066821166473542,0.6968334593760374,1.9127485700725622,-0.08882647270996916,0.26881405883518156,,
0,0,5052,1490,,0.29493269992082344,,0.0,1.0,0,24,19,0,,INSUFFICIENT_FOR_GATE,BOOM500,CRT_CANDLE_COMPRESSION,wf3,1.5,15,,,,,0.28266683676543347,0.3066821166473542,,,,,,
10,6,5052,1490,0.6,0.29493269992082344,2.0343624161073826,0.004026845637583893,0.012513765141655822,9988,24,19,6,7.0,INSUFFICIENT_FOR_GATE,BOOM500,CRT_CANDLE_STRUCTURE,wf3,1.5,15,0.31267376973365824,0.8318196702937638,0.25,0.8571428571428571,0.28266683676543347,0.3066821166473542,0.8564955597276854,2.8772552623999874,-0.0418870942246563,0.5543726503759396,,
5,2,5052,1490,0.4,0.29493269992082344,1.356241610738255,0.0013422818791946308,0.26951635560907083,9965,24,19,5,8.5,INSUFFICIENT_FOR_GATE,BOOM500,CRT_SR,wf3,1.5,15,0.11762077423264783,0.769275718723987,0.0,1.0,0.28266683676543347,0.3066821166473542,0.0,3.3575019952114924,-0.29808624014482676,0.7021595213651007,,
68,37,5052,2130,0.5441176470588235,0.42161520190023755,1.2905550952775475,0.01737089201877934,0.0019,9999,24,19,17,8.0,INSUFFICIENT_FOR_GATE,BOOM500,CRT,wf3,1.5,30,0.42656606428685023,0.6569511707260847,0.4544848484848485,0.6271456905878107,0.4038205278483834,0.4385377139668937,1.0895777266274531,1.4784638602280087,0.037252749823066644,0.20140348965449248,,
39,16,5052,2130,0.41025641025641024,0.42161520190023755,0.9730588660166124,0.007511737089201878,1.0,9999,24,19,16,7.0,INSUFFICIENT_FOR_GATE,BOOM500,CRT_MSS,wf3,1.5,30,0.27079310000725176,0.5658137711710304,0.26,0.6111111111111112,0.4038205278483834,0.4385377139668937,0.613760466553116,1.4614707255361459,-0.16354509941981368,0.1937227257442681,,
50,25,5052,2130,0.5,0.42161520190023755,1.1859154929577465,0.011737089201877934,0.1401,9999,24,19,17,8.0,INSUFFICIENT_FOR_GATE,BOOM500,CRT_DISPLACEMENT,wf3,1.5,30,0.3664451431682858,0.6335548568317142,0.3770491803278688,0.65,0.4038205278483834,0.4385377139668937,0.8918050160058284,1.5523154781507709,-0.045779761146815916,0.23079241950679452,,
37,16,5052,2130,0.43243243243243246,0.42161520190023755,1.0256566425580511,0.007511737089201878,0.4766,9999,24,19,16,6.5,INSUFFICIENT_FOR_GATE,BOOM500,CRT_MSS_DISPLACEMENT,wf3,1.5,30,0.28671719277157315,0.5908581890983192,0.275,0.6470588235294118,0.4038205278483834,0.4385377139668937,0.6491614609010842,1.544520543147788,-0.14882666452482823,0.2274230674036795,,
9,4,5052,2130,0.4444444444444444,0.42161520190023755,1.05414710485133,0.0018779342723004694,0.4361,9999,24,19,8,6.5,INSUFFICIENT_FOR_GATE,BOOM500,CRT_MSS_DISPLACEMENT_FVG,wf3,1.5,30,0.18877852109766452,0.733348706504507,0.125,0.75,0.4038205278483834,0.4385377139668937,0.3012726917631789,1.8346585851290975,-0.29746754516292306,0.344262522175626,,
412,167,5052,2130,0.4053398058252427,0.42161520190023755,0.9613975112812798,0.0784037558685446,1.0,9999,24,19,19,10.0,INSUFFICIENT_FOR_GATE,BOOM500,ATR_COMPRESSION,wf3,1.5,30,0.35901851548682523,0.4534099994063167,0.3640661938534279,0.4485294117647059,0.4038205278483834,0.4385377139668937,0.8774390839403936,1.0479584424657642,-0.05164149545811787,0.02049788121527578,,
388,177,5052,2130,0.45618556701030927,0.42161520190023755,1.08199506316248,0.08309859154929577,0.0018,9999,24,19,19,10.0,INSUFFICIENT_FOR_GATE,BOOM500,BB_SQUEEZE,wf3,1.5,30,0.4072971006751578,0.5059331121197617,0.42296918767507,0.4877387535395629,0.4038205278483834,0.4385377139668937,1.0249683401478653,1.135866989040568,0.010357819629924403,0.05777970451902516,,
0,0,5052,2130,,0.42161520190023755,,0.0,1.0,0,24,19,0,,INSUFFICIENT_FOR_GATE,BOOM500,CANDLE_COMPRESSION,wf3,1.5,30,,,,,0.4038205278483834,0.4385377139668937,,,,,,
153,59,5052,2130,0.38562091503267976,0.42161520190023755,0.9146276350915953,0.027699530516431925,1.0,9999,24,19,19,9.0,INSUFFICIENT_FOR_GATE,BOOM500,CANDLE_STRUCTURE,wf3,1.5,30,0.312195215399136,0.46464950242503933,0.3291139240506329,0.4421768707482993,0.4038205278483834,0.4385377139668937,0.8007366691666673,1.029490244685803,-0.08278603160061665,0.012610374037732797,,
214,91,5052,2130,0.4252336448598131,0.42161520190023755,1.008582335132289,0.042723004694835684,0.4707,9999,24,19,19,10.0,INSUFFICIENT_FOR_GATE,BOOM500,SR_ALIGNMENT,wf3,1.5,30,0.3608884630495512,0.49221571568100314,0.35454545454545455,0.49781753908391463,0.4038205278483834,0.4385377139668937,0.8482530352915463,1.1703111812496583,-0.06371388573170518,0.07243214157143156,,
173,74,5052,2130,0.4277456647398844,0.42161520190023755,1.0145404217210778,0.03474178403755868,0.4379,9999,24,19,19,10.5,INSUFFICIENT_FOR_GATE,BOOM500,ATR_BB_COMPRESSION,wf3,1.5,30,0.3563788751160695,0.5022515604915195,0.35119047619047616,0.5058823529411764,0.4038205278483834,0.4385377139668937,0.8472279688060071,1.1774843791487735,-0.06389079343843289,0.07598405418588973,,
14,8,5052,2130,0.5714285714285714,0.42161520190023755,1.3553319919517102,0.003755868544600939,0.1073,9999,24,19,9,8.0,INSUFFICIENT_FOR_GATE,BOOM500,CRT_ATR,wf3,1.5,30,0.3259064457965074,0.7861920109552588,0.23076923076923078,0.8,0.4038205278483834,0.4385377139668937,0.5543301438547338,1.91880108844865,-0.18553366086034878,0.38457294748582477,,
28,14,5052,2130,0.5,0.42161520190023755,1.1859154929577465,0.006572769953051643,0.2142,9999,24,19,15,11.5,INSUFFICIENT_FOR_GATE,BOOM500,CRT_BB,wf3,1.5,30,0.32633127457293465,0.6736687254270654,0.2915994623655914,0.6818181818181818,0.4038205278483834,0.4385377139668937,0.6924484088002052,1.6304978849975733,-0.13039677199257182,0.2635419774433575,,
0,0,5052,2130,,0.42161520190023755,,0.0,1.0,0,24,19,0,,INSUFFICIENT_FOR_GATE,BOOM500,CRT_CANDLE_COMPRESSION,wf3,1.5,30,,,,,0.4038205278483834,0.4385377139668937,,,,,,
10,6,5052,2130,0.6,0.42161520190023755,1.4230985915492957,0.0028169014084507044,0.07328060866953649,9988,24,19,6,7.0,INSUFFICIENT_FOR_GATE,BOOM500,CRT_CANDLE_STRUCTURE,wf3,1.5,30,0.31267376973365824,0.8318196702937638,0.25,0.8571428571428571,0.4038205278483834,0.4385377139668937,0.5941078115769668,2.0154998976668015,-0.170799056217375,0.42801677996039156,,
5,4,5052,2130,0.8,0.42161520190023755,1.8974647887323943,0.0018779342723004694,0.00010034115994380895,9965,24,19,5,15.0,INSUFFICIENT_FOR_GATE,BOOM500,CRT_SR,wf3,1.5,30,0.37553462976252533,0.9637758913675698,0.3333333333333333,1.0,0.4038205278483834,0.4385377139668937,0.8012770254846172,2.455987188088385,-0.08266927781213497,0.592831752185848,,
68,5,5052,423,0.07352941176470588,0.083729216152019,0.8781810596579057,0.01182033096926714,1.0,9999,24,19,17,2.0,INSUFFICIENT_FOR_GATE,BOOM500,CRT,wf3,2.0,5,0.031814844251117996,0.16085188395717748,0.02666666666666667,0.125,0.07931281181517229,0.08808479532163743,0.3183186011532495,1.51183739276396,-0.057929270167277315,0.04253524381647399,,
39,1,5052,423,0.02564102564102564,0.083729216152019,0.30623749772685943,0.002364066193853428,1.0,9999,24,19,16,2.0,INSUFFICIENT_FOR_GATE,BOOM500,CRT_MSS,wf3,2.0,5,0.004540703100990098,0.13180990169850076,0.0,0.06521739130434782,0.07931281181517229,0.08808479532163743,0.0,0.7905065582601606,-0.08735638953197135,-0.017336659123021316,,
50,2,5052,423,0.04,0.083729216152019,0.4777304964539007,0.004728132387706856,1.0,9999,24,19,17,2.0,INSUFFICIENT_FOR_GATE,BOOM500,CRT_DISPLACEMENT,wf3,2.0,5,0.011038884327619805,0.1346009068750702,0.0,0.0975609756097561,0.07931281181517229,0.08808479532163743,0.0,1.1731406506710689,-0.08609028496014441,0.014437721355518181,,
37,1,5052,423,0.02702702702702703,0.083729216152019,0.32279087598236533,0.002364066193853428,1.0,9999,24,19,16,2.0,INSUFFICIENT_FOR_GATE,BOOM500,CRT_MSS_DISPLACEMENT,wf3,2.0,5,0.004786974451940429,0.13824069863730518,0.0,0.06818181818181818,0.07931281181517229,0.08808479532163743,0.0,0.8189540761546793,-0.08735638953197135,-0.014993216840476095,,
9,0,5052,423,0.0,0.083729216152019,0.0,0.0,1.0,9999,24,19,8,,INSUFFICIENT_FOR_GATE,BOOM500,CRT_MSS_DISPLACEMENT_FVG,wf3,2.0,5,0.0,0.2991450484195441,0.0,0.0,0.07931281181517229,0.08808479532163743,0.0,0.0,-0.08808479532163743,-0.07931281181517229,,
412,29,5052,423,0.0703883495145631,0.083729216152019,0.8406665289540728,0.06855791962174941,1.0,9999,24,19,19,3.0,INSUFFICIENT_FOR_GATE,BOOM500,ATR_COMPRESSION,wf3,2.0,5,0.049452904193268865,0.09926112493714412,0.04087160710542863,0.10144927536231885,0.07931281181517229,0.08808479532163743,0.49930794082548813,1.1841700369187207,-0.040966409305472115,0.015884178701226517,,
388,41,5052,423,0.1056701030927835,0.083729216152019,1.2620457702712582,0.09692671394799054,0.0638,9999,24,19,19,2.0,INSUFFICIENT_FOR_GATE,BOOM500,BB_SQUEEZE,wf3,2.0,5,0.07885332340639854,0.14021859174787565,0.07832667405121714,0.1361440224999363,0.07931281181517229,0.08808479532163743,0.95522682024661,1.6137585657927256,-0.0037278517752047176,0.05185733853922648,,
0,0,5052,423,,0.083729216152019,,0.0,1.0,0,24,19,0,,INSUFFICIENT_FOR_GATE,BOOM500,CANDLE_COMPRESSION,wf3,2.0,5,,,,,0.07931281181517229,0.08808479532163743,,,,,,
153,9,5052,423,0.058823529411764705,0.083729216152019,0.7025448477263245,0.02127659574468085,1.0,9999,24,19,19,4.0,INSUFFICIENT_FOR_GATE,BOOM500,CANDLE_STRUCTURE,wf3,2.0,5,0.031252630211971916,0.1080055671098468,0.027210884353741496,0.09210526315789473,0.07931281181517229,0.08808479532163743,0.33014810248979076,1.0961324187227994,-0.055454128190192936,0.008103317408575485,,
214,21,5052,423,0.09813084112149532,0.083729216152019,1.1720023861602704,0.04964539007092199,0.193,9999,24,19,19,3.0,INSUFFICIENT_FOR_GATE,BOOM500,SR_ALIGNMENT,wf3,2.0,5,0.06508186611387787,0.14535309456285148,0.0660772171889286,0.12935323383084577,0.07931281181517229,0.08808479532163743,0.7833678922152048,1.5609271351674505,-0.01836017798355061,0.04634614688783835,,
173,11,5052,423,0.06358381502890173,0.083729216152019,0.7593981880047554,0.026004728132387706,1.0,9999,24,19,19,3.0,INSUFFICIENT_FOR_GATE,BOOM500,ATR_BB_COMPRESSION,wf3,2.0,5,0.035871757614805565,0.11025607345503252,0.024242424242424242,0.10555555555555556,0.07931281181517229,0.08808479532163743,0.29973896248564263,1.2207793391067963,-0.05677787196932179,0.01915997575260369,,
14,1,5052,423,0.07142857142857142,0.083729216152019,0.8530901722391083,0.002364066193853428,1.0,9999,24,19,9,3.0,INSUFFICIENT_FOR_GATE,BOOM500,CRT_ATR,wf3,2.0,5,0.012722215247890939,0.31468704424151117,0.0,0.2727272727272727,0.07931281181517229,0.08808479532163743,0.0,3.1893939393939394,-0.08551190379869736,0.1872165838911682,,
28,0,5052,423,0.0,0.083729216152019,0.0,0.0,1.0,9999,24,19,15,,INSUFFICIENT_FOR_GATE,BOOM500,CRT_BB,wf3,2.0,5,1.3877787807814457e-17,0.12064330476584563,0.0,0.0,0.07931281181517229,0.08808479532163743,0.0,0.0,-0.08808479532163743,-0.07931281181517229,,
0,0,5052,423,,0.083729216152019,,0.0,1.0,0,24,19,0,,INSUFFICIENT_FOR_GATE,BOOM500,CRT_CANDLE_COMPRESSION,wf3,2.0,5,,,,,0.07931281181517229,0.08808479532163743,,,,,,
10,1,5052,423,0.1,0.083729216152019,1.1943262411347517,0.002364066193853428,0.38592451696866553,9988,24,19,6,3.0,INSUFFICIENT_FOR_GATE,BOOM500,CRT_CANDLE_STRUCTURE,wf3,2.0,5,0.017876213095072896,0.4041500267952385,0.0,0.3333333333333333,0.07931281181517229,0.08808479532163743,0.0,3.8751947536726608,-0.08551607569076419,0.24731607691673152,,
5,0,5052,423,0.0,0.083729216152019,0.0,0.0,1.0,9965,24,19,5,,INSUFFICIENT_FOR_GATE,BOOM500,CRT_SR,wf3,2.0,5,0.0,0.43448246478317476,0.0,0.0,0.07931281181517229,0.08808479532163743,0.0,0.0,-0.08808479532163743,-0.07931316434995912,,
68,14,5052,770,0.20588235294117646,0.15241488519398258,1.3508021390374332,0.01818181818181818,0.094,9999,24,19,17,7.0,INSUFFICIENT_FOR_GATE,BOOM500,CRT,wf3,2.0,10,0.1267956087952063,0.316422824451894,0.12675164913531825,0.2876712328767123,0.14631562252180808,0.15825353352248842,0.8287327504192742,1.87319834763655,-0.025822761148899413,0.13368198529897793,,
39,6,5052,770,0.15384615384615385,0.15241488519398258,1.0093906093906095,0.007792207792207792,0.479,9999,24,19,16,7.5,INSUFFICIENT_FOR_GATE,BOOM500,CRT_MSS,wf3,2.0,10,0.07247472376982099,0.29729463648926696,0.06666666666666667,0.25,0.14631562252180808,0.15825353352248842,0.44033558471765816,1.657909733834642,-0.08516853549896097,0.09954706471477125,,
50,8,5052,770,0.16,0.15241488519398258,1.049766233766234,0.01038961038961039,0.4262,9999,24,19,17,6.0,INSUFFICIENT_FOR_GATE,BOOM500,CRT_DISPLACEMENT,wf3,2.0,10,0.08337420678033404,0.2851421606303499,0.06779661016949153,0.2682926829268293,0.14631562252180808,0.15825353352248842,0.4405283316810635,1.7700212588976518,-0.08503234575792831,0.1166535765920996,,
37,6,5052,770,0.16216216216216217,0.15241488519398258,1.063952263952264,0.007792207792207792,0.4167,9999,24,19,16,7.0,INSUFFICIENT_FOR_GATE,BOOM500,CRT_MSS_DISPLACEMENT,wf3,2.0,10,0.07651207234011151,0.3113648370093497,0.07142857142857142,0.2692827442827435,0.14631562252180808,0.15825353352248842,0.46219739461058695,1.7780437333337589,-0.08236291013220574,0.11814634475084175,,
9,1,5052,770,0.1111111111111111,0.15241488519398258,0.729004329004329,0.0012987012987012987,1.0,9999,24,19,8,9.0,INSUFFICIENT_FOR_GATE,BOOM500,CRT_MSS_DISPLACEMENT_FVG,wf3,2.0,10,0.019890887638544907,0.434999705576656,0.0,0.4,0.14631562252180808,0.15825353352248842,0.0,2.568894787945177,-0.1571085583658457,0.24349687880633356,,
412,54,5052,770,0.13106796116504854,0.15241488519398258,0.8599419997478249,0.07012987012987013,1.0,9999,24,19,19,5.0,INSUFFICIENT_FOR_GATE,BOOM500,ATR_COMPRESSION,wf3,2.0,10,0.10186166497804147,0.16709049563112674,0.09943881850895617,0.16083916083916083,0.14631562252180808,0.15825353352248842,0.6615591220629311,1.0431915651487869,-0.05099158127544683,0.006512827734208649,,
388,68,5052,770,0.17525773195876287,0.15241488519398258,1.1498728076047664,0.08831168831168831,0.0976,9999,24,19,19,4.5,INSUFFICIENT_FOR_GATE,BOOM500,BB_SQUEEZE,wf3,2.0,10,0.14066343686135652,0.2162193167951046,0.1409921671018277,0.21108179419525067,0.14631562252180808,0.15825353352248842,0.9343352989260372,1.3852639280627432,-0.009872517070760948,0.05871450341051442,,
0,0,5052,770,,0.15241488519398258,,0.0,1.0,0,24,19,0,,INSUFFICIENT_FOR_GATE,BOOM500,CANDLE_COMPRESSION,wf3,2.0,10,,,,,0.14631562252180808,0.15825353352248842,,,,,,
153,23,5052,770,0.1503267973856209,0.15241488519398258,0.9862999745352686,0.02987012987012987,1.0,9999,24,19,19,7.0,INSUFFICIENT_FOR_GATE,BOOM500,CANDLE_STRUCTURE,wf3,2.0,10,0.10230712388557653,0.21547529917690197,0.10144437916177047,0.2,0.14631562252180808,0.15825353352248842,0.6687831461675243,1.3011777075346453,-0.05025472469497373,0.04600032356217715,,
214,31,5052,770,0.14485981308411214,0.15241488519398258,0.9504308775336812,0.04025974025974026,1.0,9999,24,19,19,4.0,INSUFFICIENT_FOR_GATE,BOOM500,SR_ALIGNMENT,wf3,2.0,10,0.10396668111070806,0.19827816785942487,0.10185185185185185,0.18859649122807018,0.14631562252180808,0.15825353352248842,0.6683119340362086,1.2472199559236912,-0.05063848396793526,0.037186879999486507,,
173,21,5052,770,0.12138728323699421,0.15241488519398258,0.7964266946925906,0.02727272727272727,1.0,9999,24,19,19,5.0,INSUFFICIENT_FOR_GATE,BOOM500,ATR_BB_COMPRESSION,wf3,2.0,10,0.08078131119587899,0.17844217138788782,0.06832298136645963,0.1686046511627907,0.14631562252180808,0.15825353352248842,0.45453823321355324,1.089215755737089,-0.08162411489876203,0.013702774103712406,,
14,1,5052,770,0.07142857142857142,0.15241488519398258,0.4686456400742115,0.0012987012987012987,1.0,9999,24,19,9,3.0,INSUFFICIENT_FOR_GATE,BOOM500,CRT_ATR,wf3,2.0,10,0.012722215247890939,0.31468704424151117,0.0,0.2727272727272727,0.14631562252180808,0.15825353352248842,0.0,1.7801479335168946,-0.15617577197149643,0.11952243322730935,,
28,3,5052,770,0.10714285714285714,0.15241488519398258,0.7029684601113172,0.003896103896103896,1.0,9999,24,19,15,8.0,INSUFFICIENT_FOR_GATE,BOOM500,CRT_BB,wf3,2.0,10,0.03711836682929999,0.27195851548672156,0.0,0.27586206896551724,0.14631562252180808,0.15825353352248842,0.0,1.7943659958441998,-0.15346948718586095,0.1218615141883819,,
0,0,5052,770,,0.15241488519398258,,0.0,1.0,0,24,19,0,,INSUFFICIENT_FOR_GATE,BOOM500,CRT_CANDLE_COMPRESSION,wf3,2.0,10,,,,,0.14631562252180808,0.15825353352248842,,,,,,
10,3,5052,770,0.3,0.15241488519398258,1.9683116883116882,0.003896103896103896,0.20812894183601963,9988,24,19,6,7.0,INSUFFICIENT_FOR_GATE,BOOM500,CRT_CANDLE_STRUCTURE,wf3,2.0,10,0.10779126740630099,0.6032218525388546,0.0,0.6923076923076923,0.14631562252180808,0.15825353352248842,0.0,4.520022821455769,-0.15408079370603295,0.5387225406543179,,
5,1,5052,770,0.2,0.15241488519398258,1.3122077922077924,0.0012987012987012987,0.3879189243427654,9965,24,19,5,8.0,INSUFFICIENT_FOR_GATE,BOOM500,CRT_SR,wf3,2.0,10,0.03622410863243014,0.6244653702374747,0.0,0.6666666666666666,0.14631562252180808,0.15825353352248842,0.0,4.421020057622205,-0.15699100572363042,0.5158719037904449,,
68,19,5052,1064,0.27941176470588236,0.21060965954077593,1.3266806722689075,0.017857142857142856,0.0293,9999,24,19,17,8.0,INSUFFICIENT_FOR_GATE,BOOM500,CRT,wf3,2.0,15,0.18677947923800126,0.3956343456973241,0.2127659574468085,0.35,0.20224497833792832,0.21885573781381426,1.0030602547220693,1.6670371496295917,0.000650548257747015,0.14017117949251529,,
39,8,5052,1064,0.20512820512820512,0.21060965954077593,0.9739733950260265,0.007518796992481203,1.0,9999,24,19,16,8.0,INSUFFICIENT_FOR_GATE,BOOM500,CRT_MSS,wf3,2.0,15,0.10779718230710382,0.35533968013582296,0.10638297872340426,0.3333333333333333,0.20224497833792832,0.21885573781381426,0.5009940090707731,1.5984097751563495,-0.10545814859784901,0.12553146357991524,,
50,11,5052,1064,0.22,0.21060965954077593,1.0445864661654136,0.010338345864661654,0.4379,9999,24,19,17,8.0,INSUFFICIENT_FOR_GATE,BOOM500,CRT_DISPLACEMENT,wf3,2.0,15,0.1275391597021442,0.3524154958125367,0.1111111111111111,0.35555555555555557,0.20224497833792832,0.21885573781381426,0.5258167546169378,1.702671639564298,-0.10098155568593206,0.14686297092943998,,
37,8,5052,1064,0.21621621621621623,0.21060965954077593,1.026620605567974,0.007518796992481203,0.4699,9999,24,19,16,8.0,INSUFFICIENT_FOR_GATE,BOOM500,CRT_MSS_DISPLACEMENT,wf3,2.0,15,0.11386511993385592,0.3719514839196916,0.1111111111111111,0.35714285714285715,0.20224497833792832,0.21885573781381426,0.5260265111873429,1.7067454882688506,-0.1007134491761867,0.14725342549338052,,
9,2,5052,1064,0.2222222222222222,0.21060965954077593,1.0551378446115287,0.0018796992481203006,0.4453,9999,24,19,8,10.5,INSUFFICIENT_FOR_GATE,BOOM500,CRT_MSS_DISPLACEMENT_FVG,wf3,2.0,15,0.06322510711784671,0.5474110308930111,0.0,0.5714285714285714,0.20224497833792832,0.21885573781381426,0.0,2.75278133382867,-0.21627559889518272,0.3634108010433741,,
412,81,5052,1064,0.1966019417475728,0.21060965954077593,0.933489670778889,0.07612781954887218,1.0,9999,24,19,19,7.0,INSUFFICIENT_FOR_GATE,BOOM500,ATR_COMPRESSION,wf3,2.0,15,0.16110373473795125,0.2377056078682726,0.16748768472906403,0.22572210330504802,0.20224497833792832,0.21885573781381426,0.8074342208618148,1.0592542580587272,-0.040050025990095724,0.012636367271701391,,
388,80,5052,1064,0.20618556701030927,0.21060965954077593,0.9789938764436865,0.07518796992481203,1.0,9999,24,19,19,5.0,INSUFFICIENT_FOR_GATE,BOOM500,BB_SQUEEZE,wf3,2.0,15,0.16890529139607063,0.24922672381691802,0.1688295080878201,0.24456521739130435,0.20224497833792832,0.21885573781381426,0.8161794314571168,1.1530519560920618,-0.03807606683209345,0.03217819547424299,,
0,0,5052,1064,,0.21060965954077593,,0.0,1.0,0,24,19,0,,INSUFFICIENT_FOR_GATE,BOOM500,CANDLE_COMPRESSION,wf3,2.0,15,,,,,0.20224497833792832,0.21885573781381426,,,,,,
153,31,5052,1064,0.20261437908496732,0.21060965954077593,0.9620374465575704,0.02913533834586466,1.0,9999,24,19,19,7.0,INSUFFICIENT_FOR_GATE,BOOM500,CANDLE_STRUCTURE,wf3,2.0,15,0.146572583431641,0.27322368291121457,0.1458264348785872,0.26490066225165565,0.20224497833792832,0.21885573781381426,0.6945576074337475,1.249163671588203,-0.0639074023137849,0.052783443424755445,,
214,51,5052,1064,0.2383177570093458,0.21060965954077593,1.1315613800857283,0.047932330827067667,0.1481,9999,24,19,19,9.0,INSUFFICIENT_FOR_GATE,BOOM500,SR_ALIGNMENT,wf3,2.0,15,0.18616704491138486,0.29969758064555524,0.19008264462809918,0.29375176553672316,0.20224497833792832,0.21885573781381426,0.8992119928692613,1.3927409871394631,-0.021542758915371,0.08266267400566903,,
173,31,5052,1064,0.1791907514450867,0.21060965954077593,0.8508192446434004,0.02913533834586466,1.0,9999,24,19,19,8.0,INSUFFICIENT_FOR_GATE,BOOM500,ATR_BB_COMPRESSION,wf3,2.0,15,0.1292073283317613,0.24311180576593427,0.12280701754385964,0.23655913978494625,0.20224497833792832,0.21885573781381426,0.5993041302036275,1.0984425500718142,-0.0826597350756606,0.02102480982291292,,
14,2,5052,1064,0.14285714285714285,0.21060965954077593,0.6783029001074113,0.0018796992481203006,1.0,9999,24,19,9,8.0,INSUFFICIENT_FOR_GATE,BOOM500,CRT_ATR,wf3,2.0,15,0.040093921271464966,0.39941379496970353,0.0,0.3333333333333333,0.20224497833792832,0.21885573781381426,0.0,1.597742249496458,-0.21248573506570967,0.12470560607551283,,
28,7,5052,1064,0.25,0.21060965954077593,1.1870300751879699,0.006578947368421052,0.2831,9999,24,19,15,12.0,INSUFFICIENT_FOR_GATE,BOOM500,CRT_BB,wf3,2.0,15,0.12676494919293313,0.4335567031899896,0.10526315789473684,0.4,0.20224497833792832,0.21885573781381426,0.5066104621431959,1.9164025524739807,-0.10420031002850132,0.1935120666400978,,
0,0,5052,1064,,0.21060965954077593,,0.0,1.0,0,24,19,0,,INSUFFICIENT_FOR_GATE,BOOM500,CRT_CANDLE_COMPRESSION,wf3,2.0,15,,,,,0.20224497833792832,0.21885573781381426,,,,,,
10,4,5052,1064,0.4,0.21060965954077593,1.899248120300752,0.0037593984962406013,0.0965061567724497,9988,24,19,6,7.5,INSUFFICIENT_FOR_GATE,BOOM500,CRT_CANDLE_STRUCTURE,wf3,2.0,15,0.16818032970623614,0.6873262302663417,0.0,0.7058823529411765,0.20224497833792832,0.21885573781381426,0.0,3.337035187573497,-0.2067592446623494,0.4930146924783471,,
5,1,5052,1064,0.2,0.21060965954077593,0.949624060150376,0.0009398496240601503,1.0,9965,24,19,5,8.0,INSUFFICIENT_FOR_GATE,BOOM500,CRT_SR,wf3,2.0,15,0.03622410863243014,0.6244653702374747,0.0,0.6666666666666666,0.20224497833792832,0.21885573781381426,0.0,3.183529854097693,-0.2164236234032431,0.4572555106796756,,
68,28,5052,1682,0.4117647058823529,0.3329374505146477,1.2367629572637615,0.016646848989298454,0.0206,9999,24,19,17,11.0,INSUFFICIENT_FOR_GATE,BOOM500,CRT,wf3,2.0,30,0.302580197505184,0.5303853324689461,0.352112676056338,0.4905831903945109,0.3188452813435155,0.3480453972257251,1.074789665057699,1.4598807738629562,0.024688249046122664,0.15378190633323505,,
39,13,5052,1682,0.3333333333333333,0.3329374505146477,1.0011890606420926,0.0077288941736028535,0.5092,9999,24,19,16,12.0,INSUFFICIENT_FOR_GATE,BOOM500,CRT_MSS,wf3,2.0,30,0.20632956189598373,0.4902260560065401,0.20754716981132076,0.5,0.3188452813435155,0.3480453972257251,0.6241371978630395,1.5258835277516225,-0.12565167555628698,0.17299355048516077,,
50,19,5052,1682,0.38,0.3329374505146477,1.1413555291319857,0.011296076099881093,0.271,9999,24,19,17,13.0,INSUFFICIENT_FOR_GATE,BOOM500,CRT_DISPLACEMENT,wf3,2.0,30,0.2586278931019359,0.5184955306900703,0.25,0.5434782608695652,0.3188452813435155,0.3480453972257251,0.754642280013351,1.6369406912736622,-0.08215233031141453,0.21184164631986838,,
37,13,5052,1682,0.35135135135135137,0.3329374505146477,1.055307388244368,0.0077288941736028535,0.426,9999,24,19,16,12.0,INSUFFICIENT_FOR_GATE,BOOM500,CRT_MSS_DISPLACEMENT,wf3,2.0,30,0.2182560713392713,0.5124097687744917,0.21951219512195122,0.5333333333333333,0.3188452813435155,0.3480453972257251,0.6590514905149052,1.6204526741350287,-0.11426441672210823,0.20343706443845405,,
9,4,5052,1682,0.4444444444444444,0.3329374505146477,1.3349187475227902,0.0023781212841854932,0.2409,9999,24,19,8,18.0,INSUFFICIENT_FOR_GATE,BOOM500,CRT_MSS_DISPLACEMENT_FVG,wf3,2.0,30,0.18877852109766452,0.733348706504507,0.125,0.75,0.3188452813435155,0.3480453972257251,0.38377677731853105,2.3128363797145886,-0.20420974483968196,0.42795753890352234,,
412,133,5052,1682,0.32281553398058255,0.3329374505146477,0.969598143680085,0.07907253269916766,1.0,9999,24,19,19,13.0,INSUFFICIENT_FOR_GATE,BOOM500,ATR_COMPRESSION,wf3,2.0,30,0.2794844087320412,0.3694202473499936,0.2893512643354014,0.35572139303482586,0.3188452813435155,0.3480453972257251,0.8688448357808156,1.0676422896432232,-0.044581498538897646,0.02250683577848429,,
388,141,5052,1682,0.3634020618556701,0.3329374505146477,1.091502506834034,0.08382877526753864,0.0072,9999,24,19,19,12.0,INSUFFICIENT_FOR_GATE,BOOM500,BB_SQUEEZE,wf3,2.0,30,0.3170991202030285,0.4123833079223083,0.32872735806953013,0.39588949930186734,0.3188452813435155,0.3480453972257251,1.0147610754884924,1.1629452584944016,0.004857509356834006,0.05468050963429445,,
0,0,5052,1682,,0.3329374505146477,,0.0,1.0,0,24,19,0,,INSUFFICIENT_FOR_GATE,BOOM500,CANDLE_COMPRESSION,wf3,2.0,30,,,,,0.3188452813435155,0.3480453972257251,,,,,,
153,47,5052,1682,0.30718954248366015,0.3329374505146477,0.9226644284348698,0.02794292508917955,1.0,9999,24,19,19,11.0,INSUFFICIENT_FOR_GATE,BOOM500,CANDLE_STRUCTURE,wf3,2.0,30,0.23955921122169474,0.38426474168191505,0.25384615384615383,0.35714285714285715,0.3188452813435155,0.3480453972257251,0.7775651542205534,1.0572977249183868,-0.07297226084237854,0.019131570737092766,,
214,71,5052,1682,0.3317757009345794,0.3329374505146477,0.9965106070876903,0.04221165279429251,1.0,9999,24,19,19,12.0,INSUFFICIENT_FOR_GATE,BOOM500,SR_ALIGNMENT,wf3,2.0,30,0.27214578318765076,0.3973386189560964,0.28,0.38860103626943004,0.3188452813435155,0.3480453972257251,0.8490633026075531,1.1569443083370692,-0.05008512751222697,0.05259188648970282,,
173,62,5052,1682,0.3583815028901734,0.3329374505146477,1.0764229206903424,0.036860879904875146,0.2397,9999,24,19,19,15.5,INSUFFICIENT_FOR_GATE,BOOM500,ATR_BB_COMPRESSION,wf3,2.0,30,0.2907156684023142,0.4321999853885603,0.2839506172839506,0.42857142857142855,0.3188452813435155,0.3480453972257251,0.859935433781067,1.280098864555619,-0.04625879365982691,0.09338508520728826,,
14,5,5052,1682,0.35714285714285715,0.3329374505146477,1.0727025649736708,0.002972651605231867,0.3939,9999,24,19,9,18.0,INSUFFICIENT_FOR_GATE,BOOM500,CRT_ATR,wf3,2.0,30,0.1634473175355414,0.612355768960926,0.1111111111111111,0.5454545454545454,0.3188452813435155,0.3480453972257251,0.3364085279470333,1.6315336458813585,-0.21986764106659196,0.210083931835447,,
28,12,5052,1682,0.42857142857142855,0.3329374505146477,1.2872430779684048,0.007134363852556481,0.1694,9999,24,19,15,14.0,INSUFFICIENT_FOR_GATE,BOOM500,CRT_BB,wf3,2.0,30,0.26508547124123694,0.6092921437253123,0.2413793103448276,0.625,0.3188452813435155,0.3480453972257251,0.7233885486760817,1.8870682043484992,-0.09188412373274261,0.29084516786655557,,
0,0,5052,1682,,0.3329374505146477,,0.0,1.0,0,24,19,0,,INSUFFICIENT_FOR_GATE,BOOM500,CRT_CANDLE_COMPRESSION,wf3,2.0,30,,,,,0.3188452813435155,0.3480453972257251,,,,,,
10,4,5052,1682,0.4,0.3329374505146477,1.2014268727705113,0.0023781212841854932,0.2885173691060166,9988,24,19,6,7.5,INSUFFICIENT_FOR_GATE,BOOM500,CRT_CANDLE_STRUCTURE,wf3,2.0,30,0.16818032970623614,0.6873262302663417,0.0,0.7058823529411765,0.3188452813435155,0.3480453972257251,0.0,2.1012808251204595,-0.32589816742413136,0.36995828004141496,,
5,2,5052,1682,0.4,0.3329374505146477,1.2014268727705113,0.0011890606420927466,0.40307043949428056,9965,24,19,5,14.5,INSUFFICIENT_FOR_GATE,BOOM500,CRT_SR,wf3,2.0,30,0.11762077423264783,0.769275718723987,0.0,1.0,0.3188452813435155,0.3480453972257251,0.0,2.9520950242241066,-0.33166736969663196,0.6612575164384595,,
68,2,5052,144,0.029411764705882353,0.028503562945368172,1.031862745098039,0.013888888888888888,0.4446,9999,24,19,17,3.0,INSUFFICIENT_FOR_GATE,BOOM500,CRT,wf3,3.0,5,0.00810317954312989,0.10104631365223063,0.0,0.07692307692307693,0.025600630169358016,0.031626813375952786,0.0,2.5574052812858783,-0.028646347990777338,0.04679604810460863,,
39,0,5052,144,0.0,0.028503562945368172,0.0,0.0,1.0,9999,24,19,16,,INSUFFICIENT_FOR_GATE,BOOM500,CRT_MSS,wf3,3.0,5,0.0,0.08966685370757142,0.0,0.0,0.025600630169358016,0.031626813375952786,0.0,0.0,-0.031626813375952786,-0.025600630169358016,,
50,1,5052,144,0.02,0.028503562945368172,0.7016666666666667,0.006944444444444444,1.0,9999,24,19,17,2.0,INSUFFICIENT_FOR_GATE,BOOM500,CRT_DISPLACEMENT,wf3,3.0,5,0.003539259271646236,0.10495443589637815,0.0,0.07317073170731707,0.025600630169358016,0.031626813375952786,0.0,2.4092261030564037,-0.030130024026926668,0.04233911570537478,,
37,0,5052,144,0.0,0.028503562945368172,0.0,0.0,1.0,9999,24,19,16,,INSUFFICIENT_FOR_GATE,BOOM500,CRT_MSS_DISPLACEMENT,wf3,3.0,5,0.0,0.0940578258372025,0.0,0.0,0.025600630169358016,0.031626813375952786,0.0,0.0,-0.031626813375952786,-0.025600630169358016,,
9,0,5052,144,0.0,0.028503562945368172,0.0,0.0,1.0,9999,24,19,8,,INSUFFICIENT_FOR_GATE,BOOM500,CRT_MSS_DISPLACEMENT_FVG,wf3,3.0,5,0.0,0.2991450484195441,0.0,0.0,0.025600630169358016,0.031626813375952786,0.0,0.0,-0.031626813375952786,-0.025600630169358016,,
412,8,5052,144,0.019417475728155338,0.028503562945368172,0.6812297734627831,0.05555555555555555,1.0,9999,24,19,19,4.0,INSUFFICIENT_FOR_GATE,BOOM500,ATR_COMPRESSION,wf3,3.0,5,0.009871254538371236,0.03784274414988732,0.00963855421686747,0.02934869207276585,0.025600630169358016,0.031626813375952786,0.33625739906051694,1.046462326334891,-0.01946032490345019,0.001304992709560432,,
388,10,5052,144,0.02577319587628866,0.028503562945368172,0.904209621993127,0.06944444444444445,1.0,9999,24,19,19,4.0,INSUFFICIENT_FOR_GATE,BOOM500,BB_SQUEEZE,wf3,3.0,5,0.014058571206194775,0.04678608492705,0.013623978201634877,0.03816793893129771,0.025600630169358016,0.031626813375952786,0.48741835814927703,1.315625402466812,-0.014686324727285045,0.008964024022870894,,
0,0,5052,144,,0.028503562945368172,,0.0,1.0,0,24,19,0,,INSUFFICIENT_FOR_GATE,BOOM500,CANDLE_COMPRESSION,wf3,3.0,5,,,,,0.025600630169358016,0.031626813375952786,,,,,,
153,3,5052,144,0.0196078431372549,0.028503562945368172,0.6879084967320261,0.020833333333333332,1.0,9999,24,19,19,5.0,INSUFFICIENT_FOR_GATE,BOOM500,CANDLE_STRUCTURE,wf3,3.0,5,0.006690488440254393,0.05605732642128154,0.0,0.04285714285714286,0.025600630169358016,0.031626813375952786,0.0,1.441894762815372,-0.027046783625730993,0.013163836877580324,,
214,7,5052,144,0.03271028037383177,0.028503562945368172,1.1475856697819313,0.04861111111111111,0.3429,9999,24,19,19,3.0,INSUFFICIENT_FOR_GATE,BOOM500,SR_ALIGNMENT,wf3,3.0,5,0.015933489786731998,0.06596762727923236,0.012345679012345678,0.05701754385964912,0.025600630169358016,0.031626813375952786,0.43598586235011116,2.000251566923844,-0.016736502115775216,0.028499979670621685,,
173,3,5052,144,0.017341040462427744,0.028503562945368172,0.6083815028901733,0.020833333333333332,1.0,9999,24,19,19,4.0,INSUFFICIENT_FOR_GATE,BOOM500,ATR_BB_COMPRESSION,wf3,3.0,5,0.005914752805222814,0.04973655705347232,0.0,0.037267080745341616,0.025600630169358016,0.031626813375952786,0.0,1.3008427115825905,-0.027500996412913512,0.008607861272491609,,
14,0,5052,144,0.0,0.028503562945368172,0.0,0.0,1.0,9999,24,19,9,,INSUFFICIENT_FOR_GATE,BOOM500,CRT_ATR,wf3,3.0,5,1.3877787807814457e-17,0.2153108027376358,0.0,0.0,0.025600630169358016,0.031626813375952786,0.0,0.0,-0.031626813375952786,-0.025600630169358016,,
28,0,5052,144,0.0,0.028503562945368172,0.0,0.0,1.0,9999,24,19,15,,INSUFFICIENT_FOR_GATE,BOOM500,CRT_BB,wf3,3.0,5,1.3877787807814457e-17,0.12064330476584563,0.0,0.0,0.025600630169358016,0.031626813375952786,0.0,0.0,-0.031626813375952786,-0.025600630169358016,,
0,0,5052,144,,0.028503562945368172,,0.0,1.0,0,24,19,0,,INSUFFICIENT_FOR_GATE,BOOM500,CRT_CANDLE_COMPRESSION,wf3,3.0,5,,,,,0.025600630169358016,0.031626813375952786,,,,,,
10,0,5052,144,0.0,0.028503562945368172,0.0,0.0,1.0,9988,24,19,6,,INSUFFICIENT_FOR_GATE,BOOM500,CRT_CANDLE_STRUCTURE,wf3,3.0,5,0.0,0.2775327998628892,0.0,0.0,0.025600630169358016,0.031626813375952786,0.0,0.0,-0.031623602005399154,-0.025600630169358016,,
5,0,5052,144,0.0,0.028503562945368172,0.0,0.0,1.0,9965,24,19,5,,INSUFFICIENT_FOR_GATE,BOOM500,CRT_SR,wf3,3.0,5,0.0,0.43448246478317476,0.0,0.0,0.025600630169358016,0.031626813375952786,0.0,0.0,-0.03162023292440451,-0.025600630169358016,,
68,6,5052,330,0.08823529411764706,0.06532066508313539,1.3508021390374334,0.01818181818181818,0.1928,9999,24,19,17,8.0,INSUFFICIENT_FOR_GATE,BOOM500,CRT,wf3,3.0,10,0.04106811531448934,0.17943769123145112,0.03508771929824561,0.14492753623188406,0.060697115384615384,0.07065217391304347,0.5411735271176764,2.1770644774644192,-0.029027254927728882,0.07803885885564416,,
39,2,5052,330,0.05128205128205128,0.06532066508313539,0.7850815850815851,0.006060606060606061,1.0,9999,24,19,16,9.0,INSUFFICIENT_FOR_GATE,BOOM500,CRT_MSS,wf3,3.0,10,0.014177955415274113,0.16885640047613612,0.0,0.10256410256410256,0.060697115384615384,0.07065217391304347,0.0,1.609335539813417,-0.0685880300421952,0.03835880034476373,,
50,2,5052,330,0.04,0.06532066508313539,0.6123636363636364,0.006060606060606061,1.0,9999,24,19,17,6.0,INSUFFICIENT_FOR_GATE,BOOM500,CRT_DISPLACEMENT,wf3,3.0,10,0.011038884327619805,0.1346009068750702,0.0,0.0975609756097561,0.060697115384615384,0.07065217391304347,0.0,1.5125982816974746,-0.06811269666155026,0.033119318583163464,,
37,1,5052,330,0.02702702702702703,0.06532066508313539,0.4137592137592138,0.0030303030303030303,1.0,9999,24,19,16,10.0,INSUFFICIENT_FOR_GATE,BOOM500,CRT_MSS_DISPLACEMENT,wf3,3.0,10,0.004786974451940429,0.13824069863730518,0.0,0.06818181818181818,0.060697115384615384,0.07065217391304347,0.0,1.0605854378695632,-0.06986991187578682,0.003958935519549325,,
9,0,5052,330,0.0,0.06532066508313539,0.0,0.0,1.0,9999,24,19,8,,INSUFFICIENT_FOR_GATE,BOOM500,CRT_MSS_DISPLACEMENT_FVG,wf3,3.0,10,0.0,0.2991450484195441,0.0,0.0,0.060697115384615384,0.07065217391304347,0.0,0.0,-0.07065217391304347,-0.060697115384615384,,
412,20,5052,330,0.04854368932038835,0.06532066508313539,0.7431597528684908,0.06060606060606061,1.0,9999,24,19,19,6.0,INSUFFICIENT_FOR_GATE,BOOM500,ATR_COMPRESSION,wf3,3.0,10,0.031641402966729876,0.0737868988313312,0.03430079155672823,0.06356968215158924,0.060697115384615384,0.07065217391304347,0.5403030194739283,0.946070332344621,-0.029490107028529274,-0.003620566782108736,,
388,25,5052,330,0.06443298969072164,0.06532066508313539,0.986410496719775,0.07575757575757576,1.0,9999,24,19,19,7.0,INSUFFICIENT_FOR_GATE,BOOM500,BB_SQUEEZE,wf3,3.0,10,0.04402096089623524,0.09338527218266891,0.0440771349862259,0.08557457212713937,0.060697115384615384,0.07065217391304347,0.676638223207805,1.3025409102306653,-0.02126816796598211,0.019693551223214867,,
0,0,5052,330,,0.06532066508313539,,0.0,1.0,0,24,19,0,,INSUFFICIENT_FOR_GATE,BOOM500,CANDLE_COMPRESSION,wf3,3.0,10,,,,,0.060697115384615384,0.07065217391304347,,,,,,
153,10,5052,330,0.06535947712418301,0.06532066508313539,1.0005941770647655,0.030303030303030304,0.4874,9999,24,19,19,7.0,INSUFFICIENT_FOR_GATE,BOOM500,CANDLE_STRUCTURE,wf3,3.0,10,0.0358861107901576,0.11612381694170826,0.03571428571428571,0.09554140127388536,0.060697115384615384,0.07065217391304347,0.539241438398952,1.4777386223081086,-0.030601224363736346,0.03065511357061673,,
214,14,5052,330,0.06542056074766354,0.06532066508313539,1.0015293118096855,0.04242424242424243,0.4831,9999,24,19,19,5.5,INSUFFICIENT_FOR_GATE,BOOM500,SR_ALIGNMENT,wf3,3.0,10,0.039366133457464134,0.10680190541388272,0.036036036036036036,0.09777777777777778,0.060697115384615384,0.07065217391304347,0.5427855610870838,1.510867875543552,-0.030659927176828753,0.033016160557676776,,
173,11,5052,330,0.06358381502890173,0.06532066508313539,0.9734104046242774,0.03333333333333333,1.0,9999,24,19,19,8.0,INSUFFICIENT_FOR_GATE,BOOM500,ATR_BB_COMPRESSION,wf3,3.0,10,0.035871757614805565,0.11025607345503252,0.024390243902439025,0.10471204188481675,0.060697115384615384,0.07065217391304347,0.3728571466370743,1.58298321048321,-0.04121381409881131,0.038089764394650255,,
14,0,5052,330,0.0,0.06532066508313539,0.0,0.0,1.0,9999,24,19,9,,INSUFFICIENT_FOR_GATE,BOOM500,CRT_ATR,wf3,3.0,10,1.3877787807814457e-17,0.2153108027376358,0.0,0.0,0.060697115384615384,0.07065217391304347,0.0,0.0,-0.07065217391304347,-0.060697115384615384,,
28,0,5052,330,0.0,0.06532066508313539,0.0,0.0,1.0,9999,24,19,15,,INSUFFICIENT_FOR_GATE,BOOM500,CRT_BB,wf3,3.0,10,1.3877787807814457e-17,0.12064330476584563,0.0,0.0,0.060697115384615384,0.07065217391304347,0.0,0.0,-0.07065217391304347,-0.060697115384615384,,
0,0,5052,330,,0.06532066508313539,,0.0,1.0,0,24,19,0,,INSUFFICIENT_FOR_GATE,BOOM500,CRT_CANDLE_COMPRESSION,wf3,3.0,10,,,,,0.060697115384615384,0.07065217391304347,,,,,,
10,2,5052,330,0.2,0.06532066508313539,3.061818181818182,0.006060606060606061,0.10811893082390629,9988,24,19,6,8.0,INSUFFICIENT_FOR_GATE,BOOM500,CRT_CANDLE_STRUCTURE,wf3,3.0,10,0.05668215145437519,0.5098375284633583,0.0,0.42857142857142855,0.060697115384615384,0.07065217391304347,0.0,6.509855057790209,-0.06826070188970304,0.3623091182965057,,
5,1,5052,330,0.2,0.06532066508313539,3.061818181818182,0.0030303030303030303,0.2027894842464379,9965,24,19,5,8.0,INSUFFICIENT_FOR_GATE,BOOM500,CRT_SR,wf3,3.0,10,0.03622410863243014,0.6244653702374747,0.0,0.6666666666666666,0.060697115384615384,0.07065217391304347,0.0,10.11159158214744,-0.06944389176283326,0.6007357334569354,,
68,7,5052,532,0.10294117647058823,0.10530482977038796,0.9775541795665634,0.013157894736842105,1.0,9999,24,19,17,8.0,INSUFFICIENT_FOR_GATE,BOOM500,CRT,wf3,3.0,15,0.05076577178992908,0.19757911309365633,0.04918032786885246,0.15789473684210525,0.09806915888029805,0.11299564143381623,0.4719839327024341,1.4792585913904286,-0.054896027086724024,0.05071962212273145,,
39,3,5052,532,0.07692307692307693,0.10530482977038796,0.73048004626952,0.005639097744360902,1.0,9999,24,19,16,10.0,INSUFFICIENT_FOR_GATE,BOOM500,CRT_MSS,wf3,3.0,15,0.02650739530377974,0.20321071167954996,0.0,0.15384615384615385,0.09806915888029805,0.11299564143381623,0.0,1.4575026073256494,-0.10471122416923469,0.04795013890078747,,
50,3,5052,532,0.06,0.10530482977038796,0.5697744360902256,0.005639097744360902,1.0,9999,24,19,17,10.0,INSUFFICIENT_FOR_GATE,BOOM500,CRT_DISPLACEMENT,wf3,3.0,15,0.02061497034897397,0.16217091688838173,0.0,0.125,0.09806915888029805,0.11299564143381623,0.0,1.1908833075835055,-0.10471122416923469,0.019852309294601217,,
37,3,5052,532,0.08108108108108109,0.10530482977038796,0.7699654541759805,0.005639097744360902,1.0,9999,24,19,16,11.0,INSUFFICIENT_FOR_GATE,BOOM500,CRT_MSS_DISPLACEMENT,wf3,3.0,15,0.027960574100447985,0.21300679349288387,0.0,0.16006451612903133,0.09806915888029805,0.11299564143381623,0.0,1.5284864024864022,-0.10471122416923469,0.05508248276595558,,
9,1,5052,532,0.1111111111111111,0.10530482977038796,1.0551378446115287,0.0018796992481203006,0.4351,9999,24,19,8,12.0,INSUFFICIENT_FOR_GATE,BOOM500,CRT_MSS_DISPLACEMENT_FVG,wf3,3.0,15,0.019890887638544907,0.434999705576656,0.0,0.4,0.09806915888029805,0.11299564143381623,0.0,3.738699871557011,-0.11113574281830924,0.2924529174118924,,
412,32,5052,532,0.07766990291262135,0.10530482977038796,0.73757208555369,0.06015037593984962,1.0,9999,24,19,19,8.0,INSUFFICIENT_FOR_GATE,BOOM500,ATR_COMPRESSION,wf3,3.0,15,0.05555223972894362,0.10759036517891997,0.055421383266061726,0.10152482550761419,0.09806915888029805,0.11299564143381623,0.5390267137882282,0.9461522967335599,-0.04818994182985397,-0.005569220977496291,,
388,37,5052,532,0.09536082474226804,0.10530482977038796,0.90556933571041,0.06954887218045112,1.0,9999,24,19,19,9.0,INSUFFICIENT_FOR_GATE,BOOM500,BB_SQUEEZE,wf3,3.0,15,0.06997701641516846,0.1286784782202632,0.07090272028954815,0.12069191782061722,0.09806915888029805,0.11299564143381623,0.6769263528796104,1.1315309681012191,-0.03444214191414857,0.013868664392149635,,
0,0,5052,532,,0.10530482977038796,,0.0,1.0,0,24,19,0,,INSUFFICIENT_FOR_GATE,BOOM500,CANDLE_COMPRESSION,wf3,3.0,15,,,,,0.09806915888029805,0.11299564143381623,,,,,,
153,15,5052,532,0.09803921568627451,0.10530482977038796,0.9310039805395842,0.02819548872180451,1.0,9999,24,19,19,8.0,INSUFFICIENT_FOR_GATE,BOOM500,CANDLE_STRUCTURE,wf3,3.0,15,0.06031594280007543,0.15545263698202608,0.05405405405405406,0.14189189189189189,0.09806915888029805,0.11299564143381623,0.5082119139657053,1.3516582786811582,-0.052331468987728925,0.036732803925249156,,
214,28,5052,532,0.1308411214953271,0.10530482977038796,1.2424987702902115,0.05263157894736842,0.1037,9999,24,19,19,10.5,INSUFFICIENT_FOR_GATE,BOOM500,SR_ALIGNMENT,wf3,3.0,15,0.09209866161155525,0.1826032208705566,0.09047619047619047,0.1722488038277512,0.09806915888029805,0.11299564143381623,0.8776827650746142,1.607819222918303,-0.01246091700440427,0.0646869418871802,,
173,15,5052,532,0.08670520231213873,0.10530482977038796,0.8233734625581294,0.02819548872180451,1.0,9999,24,19,19,9.0,INSUFFICIENT_FOR_GATE,BOOM500,ATR_BB_COMPRESSION,wf3,3.0,15,0.05324769204011555,0.13811839963529404,0.03954802259887006,0.13402349824339108,0.09806915888029805,0.11299564143381623,0.3836480290760074,1.2548685864497813,-0.06427128073813636,0.027002646650709054,,
14,0,5052,532,0.0,0.10530482977038796,0.0,0.0,1.0,9999,24,19,9,,INSUFFICIENT_FOR_GATE,BOOM500,CRT_ATR,wf3,3.0,15,1.3877787807814457e-17,0.2153108027376358,0.0,0.0,0.09806915888029805,0.11299564143381623,0.0,0.0,-0.11299564143381623,-0.09806915888029806,,
28,1,5052,532,0.03571428571428571,0.10530482977038796,0.33915145005370567,0.0018796992481203006,1.0,9999,24,19,15,11.0,INSUFFICIENT_FOR_GATE,BOOM500,CRT_BB,wf3,3.0,15,0.0063325198490377654,0.17712197743353317,0.0,0.10714285714285714,0.09806915888029805,0.11299564143381623,0.0,1.038639576012074,-0.1118342197631014,0.0040255172218557865,,
0,0,5052,532,,0.10530482977038796,,0.0,1.0,0,24,19,0,,INSUFFICIENT_FOR_GATE,BOOM500,CRT_CANDLE_COMPRESSION,wf3,3.0,15,,,,,0.09806915888029805,0.11299564143381623,,,,,,
10,2,5052,532,0.2,0.10530482977038796,1.899248120300752,0.0037593984962406013,0.20322354590049055,9988,24,19,6,8.0,INSUFFICIENT_FOR_GATE,BOOM500,CRT_CANDLE_STRUCTURE,wf3,3.0,15,0.05668215145437519,0.5098375284633583,0.0,0.42857142857142855,0.09806915888029805,0.11299564143381623,0.0,4.008110035370652,-0.10844816956049533,0.32151755100583,,
5,1,5052,532,0.2,0.10530482977038796,1.899248120300752,0.0018796992481203006,0.27854706000401364,9965,24,19,5,8.0,INSUFFICIENT_FOR_GATE,BOOM500,CRT_SR,wf3,3.0,15,0.03622410863243014,0.6244653702374747,0.0,0.6666666666666666,0.09806915888029805,0.11299564143381623,0.0,6.260213683604544,-0.11038430089942763,0.5602512846834831,,
68,15,5052,989,0.22058823529411764,0.19576405384006335,1.1268066377208112,0.015166835187057633,0.2414,9999,24,19,17,16.0,INSUFFICIENT_FOR_GATE,BOOM500,CRT,wf3,3.0,30,0.13849012387325205,0.33256738771149325,0.14705882352941177,0.2898550724637681,0.18560114366425087,0.20687559851265663,0.7722886218286598,1.4454318749984103,-0.04389777194238377,0.0889091018920707,,
39,8,5052,989,0.20512820512820512,0.19576405384006335,1.0478338648207202,0.008088978766430738,0.4352,9999,24,19,16,17.0,INSUFFICIENT_FOR_GATE,BOOM500,CRT_MSS,wf3,3.0,30,0.10779718230710382,0.35533968013582296,0.09302325581395349,0.3548387096774194,0.18560114366425087,0.20687559851265663,0.4715049372188705,1.7973462758992496,-0.1037874909449062,0.15687160588788412,,
50,10,5052,989,0.2,0.19576405384006335,1.0216380182002023,0.010111223458038422,0.4663,9999,24,19,17,20.5,INSUFFICIENT_FOR_GATE,BOOM500,CRT_DISPLACEMENT,wf3,3.0,30,0.1124375001577611,0.3303710593222542,0.10638297872340426,0.30952380952380953,0.18560114366425087,0.20687559851265663,0.5523906825966343,1.562043193066904,-0.08737566960841478,0.11131517208681467,,
37,7,5052,989,0.1891891891891892,0.19576405384006335,0.9664143415407319,0.007077856420626896,1.0,9999,24,19,16,18.0,INSUFFICIENT_FOR_GATE,BOOM500,CRT_MSS_DISPLACEMENT,wf3,3.0,30,0.09479978730312018,0.3420469692983842,0.09090909090909091,0.3125,0.18560114366425087,0.20687559851265663,0.4685644250015916,1.5944290717340175,-0.10436051958579008,0.11600396134377831,,
9,2,5052,989,0.2222222222222222,0.19576405384006335,1.13515335355578,0.0020222446916076846,0.4076,9999,24,19,8,19.0,INSUFFICIENT_FOR_GATE,BOOM500,CRT_MSS_DISPLACEMENT_FVG,wf3,3.0,30,0.06322510711784671,0.5474110308930111,0.0,0.5714285714285714,0.18560114366425087,0.20687559851265663,0.0,2.9511103076349476,-0.2008659638554217,0.37938432304088243,,
412,72,5052,989,0.17475728155339806,0.19576405384006335,0.8926934139613417,0.07280080889787664,1.0,9999,24,19,19,17.0,INSUFFICIENT_FOR_GATE,BOOM500,ATR_COMPRESSION,wf3,3.0,30,0.14113837115567052,0.21438524411820148,0.13849584687612856,0.21176760359316135,0.18560114366425087,0.20687559851265663,0.7094706424851022,1.0829117102063026,-0.05693682352273931,0.016101657271812567,,
388,81,5052,989,0.20876288659793815,0.19576405384006335,1.0664005086883555,0.08190091001011122,0.144,9999,24,19,19,17.0,INSUFFICIENT_FOR_GATE,BOOM500,BB_SQUEEZE,wf3,3.0,30,0.17127551791894907,0.25196060242375024,0.1806528889716378,0.23466802721088434,0.18560114366425087,0.20687559851265663,0.9335359437550472,1.1785198292972079,-0.01289842973384742,0.035022999207899225,,
0,0,5052,989,,0.19576405384006335,,0.0,1.0,0,24,19,0,,INSUFFICIENT_FOR_GATE,BOOM500,CANDLE_COMPRESSION,wf3,3.0,30,,,,,0.18560114366425087,0.20687559851265663,,,,,,
153,25,5052,989,0.16339869281045752,0.19576405384006335,0.8346715834968972,0.025278058645096056,1.0,9999,24,19,19,14.0,INSUFFICIENT_FOR_GATE,BOOM500,CANDLE_STRUCTURE,wf3,3.0,30,0.11319554236400362,0.2300903415185692,0.1110770279481936,0.2138364779874214,0.18560114366425087,0.20687559851265663,0.5641607754141885,1.0927773420273759,-0.08635558200807673,0.017832285302512876,,
214,49,5052,989,0.22897196261682243,0.19576405384006335,1.1696323105563062,0.04954499494438827,0.0877,9999,24,19,19,15.0,INSUFFICIENT_FOR_GATE,BOOM500,SR_ALIGNMENT,wf3,3.0,30,0.17775087584333374,0.2897517720549256,0.1791044776119403,0.28095238095238095,0.18560114366425087,0.20687559851265663,0.9291790422844903,1.4070289224413621,-0.013832564206991594,0.08082856678651607,,
173,34,5052,989,0.19653179190751446,0.19576405384006335,1.003921751988638,0.034378159757330634,0.4867,9999,24,19,19,17.0,INSUFFICIENT_FOR_GATE,BOOM500,ATR_BB_COMPRESSION,wf3,3.0,30,0.1441865754176339,0.2620612541342403,0.14201183431952663,0.25142857142857145,0.18560114366425087,0.20687559851265663,0.7297789876249706,1.279468781488805,-0.05272726743200936,0.05441341171609381,,
14,1,5052,989,0.07142857142857142,0.19576405384006335,0.3648707207857865,0.0010111223458038423,1.0,9999,24,19,9,24.0,INSUFFICIENT_FOR_GATE,BOOM500,CRT_ATR,wf3,3.0,30,0.012722215247890939,0.31468704424151117,0.0,0.23076923076923078,0.18560114366425087,0.20687559851265663,0.0,1.1354296282492309,-0.20130134200894673,0.02702930709201603,,
28,4,5052,989,0.14285714285714285,0.19576405384006335,0.729741441571573,0.004044489383215369,1.0,9999,24,19,15,21.5,INSUFFICIENT_FOR_GATE,BOOM500,CRT_BB,wf3,3.0,30,0.05699005319749392,0.31489802163525293,0.03571428571428571,0.2631578947368421,0.18560114366425087,0.20687559851265663,0.1814760144451293,1.3558676791346544,-0.1612317341945552,0.06816315098114129,,
0,0,5052,989,,0.19576405384006335,,0.0,1.0,0,24,19,0,,INSUFFICIENT_FOR_GATE,BOOM500,CRT_CANDLE_COMPRESSION,wf3,3.0,30,,,,,0.18560114366425087,0.20687559851265663,,,,,,
10,2,5052,989,0.2,0.19576405384006335,1.0216380182002023,0.0020222446916076846,0.4633096406046651,9988,24,19,6,8.0,INSUFFICIENT_FOR_GATE,BOOM500,CRT_CANDLE_STRUCTURE,wf3,3.0,30,0.05668215145437519,0.5098375284633583,0.0,0.42857142857142855,0.18560114366425087,0.20687559851265663,0.0,2.152418450239054,-0.19703909624589316,0.23047130728545895,,
5,2,5052,989,0.4,0.19576405384006335,2.0432760364004046,0.0020222446916076846,0.17800521774031708,9965,24,19,5,14.5,INSUFFICIENT_FOR_GATE,BOOM500,CRT_SR,wf3,3.0,30,0.11762077423264783,0.769275718723987,0.0,1.0,0.18560114366425087,0.20687559851265663,0.0,5.014280934339804,-0.19644127611518916,0.8005696099594202,,
494,83,36036,4925,0.1680161943319838,0.13666888666888666,1.2293668180603794,0.01685279187817259,0.0322,9999,24,127,125,3.0,ADEQUATE_FOR_RESEARCH_GATE,CRASH500,CRT,development,1.5,5,0.1376356543509316,0.20352006060904998,0.13552361396303902,0.2021346981458391,0.13442608542547535,0.1389547427603684,0.9946092983599623,1.4710935925284074,-0.0007388036365506957,0.06460005586668516,,
218,36,36036,4925,0.1651376146788991,0.13666888666888666,1.2083043822474737,0.007309644670050761,0.1316,9999,24,127,101,3.0,ADEQUATE_FOR_RESEARCH_GATE,CRASH500,CRT_MSS,development,1.5,5,0.12173288009530023,0.22013946073704996,0.11599710144927537,0.21622271309771302,0.13442608542547535,0.1389547427603684,0.8531729496952177,1.5808820418163774,-0.020061082797193142,0.07934746621870756,,
346,63,36036,4925,0.18208092485549132,0.13666888666888666,1.3322778087497433,0.012791878172588832,0.016,9999,24,127,116,3.0,ADEQUATE_FOR_RESEARCH_GATE,CRASH500,CRT_DISPLACEMENT,development,1.5,5,0.14498251041790716,0.22616120496215697,0.1432357288903625,0.22375690607734808,0.13442608542547535,0.1389547427603684,1.0494132387963275,1.634009692604077,0.006696935464499533,0.0867993879606384,,
195,34,36036,4925,0.17435897435897435,0.13666888666888666,1.2757766497461929,0.0069035532994923855,0.08,9999,24,127,97,3.0,INSUFFICIENT_FOR_GATE,CRASH500,CRT_MSS_DISPLACEMENT,development,1.5,5,0.1275395471912079,0.23376065271065144,0.12315270935960591,0.22816061629379478,0.13442608542547535,0.1389547427603684,0.9044716523342297,1.664770025445247,-0.013073083733921936,0.09111992386671268,,
84,15,36036,4925,0.17857142857142858,0.13666888666888666,1.3065989847715738,0.003045685279187817,0.1386,9999,24,127,57,2.0,INSUFFICIENT_FOR_GATE,CRASH500,CRT_MSS_DISPLACEMENT_FVG,development,1.5,5,0.11131188660772935,0.27394422451598055,0.10343050124422325,0.2558281338627338,0.13442608542547535,0.1389547427603684,0.7568850691503838,1.866462815282448,-0.033419739778232545,0.11865937270998804,,
3004,450,36036,4925,0.14980026631158455,0.13666888666888666,1.0960817049348754,0.09137055837563451,0.0179,9999,24,127,127,3.0,ADEQUATE_FOR_RESEARCH_GATE,CRASH500,ATR_COMPRESSION,development,1.5,5,0.13748594807230544,0.16300909835712626,0.13739188290086493,0.16276074662738732,0.13442608542547535,0.1389547427603684,1.0089322245695709,1.1854386002725286,0.0012134365193664566,0.02543291087243591,,
2660,390,36036,4925,0.14661654135338345,0.13666888666888666,1.0727865348650816,0.07918781725888324,0.0656,9999,24,127,127,3.0,ADEQUATE_FOR_RESEARCH_GATE,CRASH500,BB_SQUEEZE,development,1.5,5,0.13368396336700544,0.160568330148881,0.13297664946946772,0.15983522228680183,0.13442608542547535,0.1389547427603684,0.9774899334993918,1.165755666523411,-0.0030964876261591083,0.022660518968250876,,
1,0,36036,4925,0.0,0.13666888666888666,0.0,0.0,1.0,6382,24,127,1,,INSUFFICIENT_FOR_GATE,CRASH500,CANDLE_COMPRESSION,development,1.5,5,0.0,0.7934506856227626,0.0,0.0,0.13442608542547535,0.1389547427603684,0.0,0.0,-0.13897865715765456,-0.1344174163655581,,
1041,136,36036,4925,0.13064361191162344,0.13666888666888666,0.9559133398674645,0.027614213197969542,1.0,9999,24,127,127,3.0,ADEQUATE_FOR_RESEARCH_GATE,CRASH500,CANDLE_STRUCTURE,development,1.5,5,0.11152192461204469,0.15248124686627185,0.10925155495268973,0.15304182509505704,0.13442608542547535,0.1389547427603684,0.800295354809568,1.1178153337047398,-0.02722681903053211,0.016135281093039532,,
1542,262,36036,4925,0.16990920881971466,0.13666888666888666,1.2432179185842107,0.053197969543147205,0.0001,9999,24,127,127,3.0,ADEQUATE_FOR_RESEARCH_GATE,CRASH500,SR_ALIGNMENT,development,1.5,5,0.1519901941055263,0.1894687930427281,0.15222798125738776,0.18886836614410524,0.13442608542547535,0.1389547427603684,1.1161885884340965,1.3789531617362198,0.015860431338528266,0.051886478507910824,,
1250,189,36036,4925,0.1512,0.13666888666888666,1.106323492385787,0.038375634517766495,0.0563,9999,24,127,127,3.0,ADEQUATE_FOR_RESEARCH_GATE,CRASH500,ATR_BB_COMPRESSION,development,1.5,5,0.13241065436505584,0.17212661877618862,0.13355035757243824,0.16996047430830039,0.13442608542547535,0.1389547427603684,0.9790232266753691,1.2402736497924698,-0.0028716108926328003,0.03291869954410985,,
97,13,36036,4925,0.13402061855670103,0.13666888666888666,0.9806227432100058,0.0026395939086294416,1.0,9999,24,127,68,2.0,INSUFFICIENT_FOR_GATE,CRASH500,CRT_ATR,development,1.5,5,0.0800245668040993,0.21589993854994483,0.06593406593406594,0.20513965201465184,0.13442608542547535,0.1389547427603684,0.4828072404984332,1.5033971577721377,-0.07053156960267053,0.06823913186631908,,
256,41,36036,4925,0.16015625,0.13666888666888666,1.1718559644670052,0.008324873096446701,0.1521,9999,24,127,111,3.0,ADEQUATE_FOR_RESEARCH_GATE,CRASH500,CRT_BB,development,1.5,5,0.12030547683153675,0.21005542558292273,0.11637852664576802,0.20565096906942779,0.13442608542547535,0.1389547427603684,0.8545273021980836,1.4998564338584282,-0.019719010479203485,0.0685566067423305,,
0,0,36036,4925,,0.13666888666888666,,0.0,1.0,0,24,127,0,,INSUFFICIENT_FOR_GATE,CRASH500,CRT_CANDLE_COMPRESSION,development,1.5,5,,,,,0.13442608542547535,0.1389547427603684,,,,,,
38,1,36036,4925,0.02631578947368421,0.13666888666888666,0.19255142933475822,0.0002030456852791878,1.0,9999,24,127,33,3.0,INSUFFICIENT_FOR_GATE,CRASH500,CRT_CANDLE_STRUCTURE,development,1.5,5,0.004660587685768797,0.13494876115952129,0.0,0.08888888888888889,0.13442608542547535,0.1389547427603684,0.0,0.6533660252499095,-0.13848310832461824,-0.047158727873175856,,
36,6,36036,4925,0.16666666666666666,0.13666888666888666,1.219492385786802,0.001218274111675127,0.2903,9999,24,127,31,1.5,INSUFFICIENT_FOR_GATE,CRASH500,CRT_SR,development,1.5,5,0.07870447595018114,0.31890794311279463,0.058823529411764705,0.28205128205128205,0.13442608542547535,0.1389547427603684,0.4268876675720228,2.0725897079306566,-0.07867167986304616,0.1459688534594529,,
494,127,36036,8201,0.25708502024291496,0.22757797757797757,1.1296568454424685,0.01548591635166443,0.0659,9999,24,127,125,4.0,ADEQUATE_FOR_RESEARCH_GATE,CRASH500,CRT,development,1.5,10,0.22052434844789914,0.2973944673764777,0.219959266802444,0.295722584534444,0.2234457143905963,0.23178121928331344,0.9680949495999186,1.2968115130793003,-0.007250338100673874,0.06741899398842095,,
218,57,36036,8201,0.26146788990825687,0.22757797757797757,1.1489156055034684,0.0069503719058651384,0.1179,9999,24,127,101,4.0,ADEQUATE_FOR_RESEARCH_GATE,CRASH500,CRT_MSS,development,1.5,10,0.20762537479707568,0.32357136113829693,0.20501987447698747,0.32000877192982446,0.2234457143905963,0.23178121928331344,0.9032199207145931,1.40422676436482,-0.021892824964045276,0.09228614909243703,,
346,95,36036,8201,0.2745664739884393,0.22757797757797757,1.2064720712897694,0.011583953176441897,0.0211,9999,24,127,116,4.0,ADEQUATE_FOR_RESEARCH_GATE,CRASH500,CRT_DISPLACEMENT,development,1.5,10,0.2302098803184381,0.32387384513288014,0.22741433021806853,0.3204784358359416,0.2234457143905963,0.23178121928331344,1.0007192559458582,1.4070049963010078,0.00016057508443467438,0.09280536320822019,,
195,51,36036,8201,0.26153846153846155,0.22757797757797757,1.149225704182417,0.006218753810510913,0.1213,9999,24,127,97,4.0,INSUFFICIENT_FOR_GATE,CRASH500,CRT_MSS_DISPLACEMENT,development,1.5,10,0.20488802976171688,0.3274026678042116,0.20425197727525898,0.32075976188073846,0.2234457143905963,0.23178121928331344,0.8984823512832535,1.4073886233135973,-0.023056344334670076,0.09288419129286216,,
84,20,36036,8201,0.23809523809523808,0.22757797757797757,1.0462138763565418,0.0024387269845140835,0.3869,9999,24,127,57,3.0,INSUFFICIENT_FOR_GATE,CRASH500,CRT_MSS_DISPLACEMENT_FVG,development,1.5,10,0.15974690895549554,0.3393506630712311,0.15660768072289158,0.32144909688013107,0.2234457143905963,0.23178121928331344,0.6869324619073423,1.4139066008079033,-0.07136428767925718,0.09391045739830717,,
3004,721,36036,8201,0.2400133155792277,0.22757797757797757,1.0546420973311852,0.08791610779173271,0.0365,9999,24,127,127,4.0,ADEQUATE_FOR_RESEARCH_GATE,CRASH500,ATR_COMPRESSION,development,1.5,10,0.22507869741785202,0.2556120167089409,0.22596763633562697,0.2546768518697272,0.2234457143905963,0.23178121928331344,0.9968651546595185,1.1142124229123582,-0.0007056927143372219,0.025986967493332763,,
2660,632,36036,8201,0.23759398496240602,0.22757797757797757,1.0440113208273702,0.07706377271064505,0.0921,9999,24,127,127,4.0,ADEQUATE_FOR_RESEARCH_GATE,CRASH500,BB_SQUEEZE,development,1.5,10,0.22180560462329854,0.25413918354062565,0.22159886946428664,0.2537909009222901,0.2234457143905963,0.23178121928331344,0.9791502903540813,1.1084647133831675,-0.004710549463222377,0.02482082859214832,,
1,0,36036,8201,0.0,0.22757797757797757,0.0,0.0,1.0,6382,24,127,1,,INSUFFICIENT_FOR_GATE,CRASH500,CANDLE_COMPRESSION,development,1.5,10,0.0,0.7934506856227626,0.0,0.0,0.2234457143905963,0.23178121928331344,0.0,0.0,-0.23182117750439368,-0.22355697374213537,,
1041,233,36036,8201,0.22382324687800192,0.22757797757797757,0.983501344286755,0.028411169369589075,1.0,9999,24,127,127,5.0,ADEQUATE_FOR_RESEARCH_GATE,CRASH500,CANDLE_STRUCTURE,development,1.5,10,0.19954530532047904,0.2501319685417212,0.19663736022431674,0.2516562604561898,0.2234457143905963,0.23178121928331344,0.8676954933517326,1.0994690986204543,-0.030108907694455445,0.022832318999076655,,
1542,408,36036,8201,0.26459143968871596,0.22757797757797757,1.1626407902234568,0.049750030484087306,0.0002,9999,24,127,127,4.0,ADEQUATE_FOR_RESEARCH_GATE,CRASH500,SR_ALIGNMENT,development,1.5,10,0.24317903003300975,0.2871738429234073,0.24296641694176602,0.28690710443213735,0.2234457143905963,0.23178121928331344,1.0716641498783024,1.255977799249959,0.01625739640228815,0.05859839567125992,,
1250,312,36036,8201,0.2496,0.22757797757797757,1.09676693086209,0.0380441409584197,0.0307,9999,24,127,127,5.0,ADEQUATE_FOR_RESEARCH_GATE,CRASH500,ATR_BB_COMPRESSION,development,1.5,10,0.2263999205370937,0.274334406282194,0.22644423858112533,0.272941269545793,0.2234457143905963,0.23178121928331344,0.9945046089429679,1.1988889697735141,-0.0012413161148033154,0.045179830895960726,,
97,20,36036,8201,0.20618556701030927,0.22757797757797757,0.9059996455046342,0.0024387269845140835,1.0,9999,24,127,68,3.5,INSUFFICIENT_FOR_GATE,CRASH500,CRT_ATR,development,1.5,10,0.13762701444504316,0.2971292785856683,0.12871287128712872,0.28704162082874946,0.2234457143905963,0.23178121928331344,0.5649085499197513,1.2613639095584093,-0.09903709066507903,0.05941754715189196,,
256,65,36036,8201,0.25390625,0.22757797757797757,1.1156890165833435,0.007925862699670772,0.1714,9999,24,127,111,4.0,ADEQUATE_FOR_RESEARCH_GATE,CRASH500,CRT_BB,development,1.5,10,0.20449864653192884,0.31059028280267975,0.19918614850048916,0.3089722384612094,0.2234457143905963,0.23178121928331344,0.8761083779711183,1.3536450006101117,-0.02803060158062803,0.0809566581400798,,
0,0,36036,8201,,0.22757797757797757,,0.0,1.0,0,24,127,0,,INSUFFICIENT_FOR_GATE,CRASH500,CRT_CANDLE_COMPRESSION,development,1.5,10,,,,,0.2234457143905963,0.23178121928331344,,,,,,
38,5,36036,8201,0.13157894736842105,0.22757797757797757,0.5781708264075626,0.0006096817461285209,1.0,9999,24,127,33,6.0,INSUFFICIENT_FOR_GATE,CRASH500,CRT_CANDLE_STRUCTURE,development,1.5,10,0.05753867690120133,0.2732685944229131,0.03125,0.24390243902439024,0.2234457143905963,0.23178121928331344,0.1394903933537667,1.0745531477665442,-0.19595118100871992,0.016953932938091623,,
36,9,36036,8201,0.25,0.22757797757797757,1.098524570174369,0.0010974271430313376,0.3616,9999,24,127,31,3.0,INSUFFICIENT_FOR_GATE,CRASH500,CRT_SR,development,1.5,10,0.13750477662994834,0.41070453766728354,0.10517241379310348,0.4,0.2234457143905963,0.23178121928331344,0.459076491690892,1.7703461997154937,-0.1231054613639806,0.17506530109612278,,
494,164,36036,10726,0.3319838056680162,0.29764679764679763,1.115361590625828,0.015289949655043818,0.0428,9999,24,127,125,5.0,ADEQUATE_FOR_RESEARCH_GATE,CRASH500,CRT,development,1.5,15,0.29189290093341974,0.3746676133451076,0.2927810820336594,0.3723849372384937,0.2924058753177382,0.30318297423248564,0.9868393074680811,1.247954301894784,-0.003915008980694365,0.07391298116090264,,
218,64,36036,10726,0.29357798165137616,0.29764679764679763,0.9863300528425314,0.005966809621480515,1.0,9999,24,127,101,5.0,ADEQUATE_FOR_RESEARCH_GATE,CRASH500,CRT_MSS,development,1.5,15,0.23711919458447817,0.3571856730519021,0.235,0.354552171965965,0.2924058753177382,0.30318297423248564,0.790214681344726,1.1901768444831653,-0.06263096554663278,0.056806914892228215,,
346,115,36036,10726,0.33236994219653176,0.29764679764679763,1.1166588884014748,0.0107216110385978,0.0799,9999,24,127,116,5.0,ADEQUATE_FOR_RESEARCH_GATE,CRASH500,CRT_DISPLACEMENT,development,1.5,15,0.2848144775331493,0.3836067542127027,0.28295594765237286,0.3816155988857939,0.2924058753177382,0.30318297423248564,0.9511979714649875,1.2804533011356536,-0.01462138217732105,0.08342645842263983,,
195,58,36036,10726,0.29743589743589743,0.29764679764679763,0.9992914413574492,0.005407421219466716,1.0,9999,24,127,97,4.0,INSUFFICIENT_FOR_GATE,CRASH500,CRT_MSS_DISPLACEMENT,development,1.5,15,0.23769076475706785,0.3650077847881832,0.23736072060814328,0.35838695604755144,0.2924058753177382,0.30318297423248564,0.7968377423434764,1.205734056022624,-0.06056802702335106,0.060922997728429004,,
84,23,36036,10726,0.27380952380952384,0.29764679764679763,0.9199142271116914,0.00214432220771956,1.0,9999,24,127,57,3.0,INSUFFICIENT_FOR_GATE,CRASH500,CRT_MSS_DISPLACEMENT_FVG,development,1.5,15,0.18992825695769278,0.37747419161084395,0.1860299003322259,0.36363636363636365,0.2924058753177382,0.30318297423248564,0.6237629570275242,1.2244514625737686,-0.11171686088205593,0.06690072434491041,,
3004,919,36036,10726,0.3059254327563249,0.29764679764679763,1.0278136206234314,0.08567965690844677,0.1165,9999,24,127,127,6.0,ADEQUATE_FOR_RESEARCH_GATE,CRASH500,ATR_COMPRESSION,development,1.5,15,0.28970378518309636,0.3226428042354955,0.2907083204805911,0.32132387806689156,0.2924058753177382,0.30318297423248564,0.9814458499029524,1.0738798955275037,-0.005522223548850911,0.02198395550344431,,
2660,825,36036,10726,0.3101503759398496,0.29764679764679763,1.0420081062249134,0.07691590527689726,0.0465,9999,24,127,127,6.0,ADEQUATE_FOR_RESEARCH_GATE,CRASH500,BB_SQUEEZE,development,1.5,15,0.29285665092691393,0.32799165569598254,0.29440852034994297,0.3260009954018773,0.2924058753177382,0.30318297423248564,0.9925651421435958,1.090297995030716,-0.0022022234440200543,0.026975102138804084,,
1,0,36036,10726,0.0,0.29764679764679763,0.0,0.0,1.0,6382,24,127,1,,INSUFFICIENT_FOR_GATE,CRASH500,CANDLE_COMPRESSION,development,1.5,15,0.0,0.7934506856227626,0.0,0.0,0.2924058753177382,0.30318297423248564,0.0,0.0,-0.30319966158977396,-0.2924831331334437,,
1041,292,36036,10726,0.2804995196926033,0.29764679764679763,0.9423905175874187,0.027223568898004848,1.0,9999,24,127,127,6.0,ADEQUATE_FOR_RESEARCH_GATE,CRASH500,CANDLE_STRUCTURE,development,1.5,15,0.25405474569184716,0.3085583224038494,0.25,0.3116791331794912,0.2924058753177382,0.30318297423248564,0.842108780415842,1.0451231827146172,-0.04700764301619166,0.013413572631443334,,
1542,532,36036,10726,0.3450064850843061,0.29764679764679763,1.159113714012498,0.049599104978556775,0.0001,9999,24,127,127,6.0,ADEQUATE_FOR_RESEARCH_GATE,CRASH500,SR_ALIGNMENT,development,1.5,15,0.32169127954184035,0.36909201697767396,0.32313773477025437,0.36762827282868255,0.2924058753177382,0.30318297423248564,1.0898190310027118,1.2311227113765537,0.026711269128560547,0.06872238468734586,,
1250,393,36036,10726,0.3144,0.29764679764679763,1.056285511840388,0.036639940331903785,0.0769,9999,24,127,127,6.0,ADEQUATE_FOR_RESEARCH_GATE,CRASH500,ATR_BB_COMPRESSION,development,1.5,15,0.28926409775947515,0.3406731668477925,0.29156626506024097,0.3376840572016236,0.2924058753177382,0.30318297423248564,0.9794965261899532,1.1330831875589484,-0.006055414611616191,0.03960547073727905,,
97,31,36036,10726,0.31958762886597936,0.29764679764679763,1.0737143197664025,0.002890173410404624,0.3043,9999,24,127,68,7.0,INSUFFICIENT_FOR_GATE,CRASH500,CRT_ATR,development,1.5,15,0.23518685684134058,0.417733673966991,0.23076923076923078,0.40860215053763443,0.2924058753177382,0.30318297423248564,0.7755876662676903,1.3730380636681374,-0.06681766466939226,0.11085402920512058,,
256,87,36036,10726,0.33984375,0.29764679764679763,1.1417685413947418,0.008111131829200074,0.0921,9999,24,127,111,6.0,ADEQUATE_FOR_RESEARCH_GATE,CRASH500,CRT_BB,development,1.5,15,0.28457152593543,0.39985142807598195,0.2767840669478124,0.40234851371951214,0.2924058753177382,0.30318297423248564,0.933082450503253,1.3469868518978652,-0.019808720652170923,0.1036388131454951,,
0,0,36036,10726,,0.29764679764679763,,0.0,1.0,0,24,127,0,,INSUFFICIENT_FOR_GATE,CRASH500,CRT_CANDLE_COMPRESSION,development,1.5,15,,,,,0.2924058753177382,0.30318297423248564,,,,,,
38,11,36036,10726,0.2894736842105263,0.29764679764679763,0.9725408991432526,0.0010255454036919634,1.0,9999,24,127,33,11.0,INSUFFICIENT_FOR_GATE,CRASH500,CRT_CANDLE_STRUCTURE,development,1.5,15,0.17003277828483065,0.44757137675752057,0.15789473684210525,0.42857142857142855,0.2924058753177382,0.30318297423248564,0.5287821258886959,1.437555638962713,-0.1403569996311932,0.13056229493964575,,
36,13,36036,10726,0.3611111111111111,0.29764679764679763,1.2132202125675928,0.0012120082043632296,0.2223,9999,24,127,31,7.0,INSUFFICIENT_FOR_GATE,CRASH500,CRT_SR,development,1.5,15,0.22475592946515371,0.5242492451444196,0.1935483870967742,0.5319858156028359,0.2924058753177382,0.30318297423248564,0.6495784415206924,1.785922753439568,-0.10439147249544496,0.23393573539589,,
494,227,36036,15519,0.45951417004048584,0.43065268065268064,1.0670180186596396,0.014627231136026805,0.0916,9999,24,127,125,8.0,ADEQUATE_FOR_RESEARCH_GATE,CRASH500,CRT,development,1.5,30,0.41604863733501196,0.5036044986357177,0.4163346613545817,0.5039541438987134,0.4225720543348419,0.43878424661272813,0.9688272835868382,1.1656210283560084,-0.013387225756445608,0.07180896502285704,,
218,92,36036,15519,0.42201834862385323,0.43065268065268064,0.9799505903092451,0.0059282170242928025,1.0,9999,24,127,101,7.5,ADEQUATE_FOR_RESEARCH_GATE,CRASH500,CRT_MSS,development,1.5,30,0.3583642376561238,0.4883731567842865,0.35384615384615387,0.4863865811336628,0.4225720543348419,0.43878424661272813,0.823430009641419,1.128968326261992,-0.07609397088571851,0.05560599991380384,,
346,163,36036,15519,0.47109826589595377,0.43065268065268064,1.0939169476014299,0.010503254075649204,0.0701,9999,24,127,116,8.0,ADEQUATE_FOR_RESEARCH_GATE,CRASH500,CRT_DISPLACEMENT,development,1.5,30,0.4191081557863358,0.5237230910663975,0.4166666666666667,0.5250036873156342,0.4225720543348419,0.43878424661272813,0.9687267971952633,1.2183280704717956,-0.01344586616786836,0.09394525874265737,,
195,79,36036,15519,0.40512820512820513,0.43065268065268064,0.9407307171853857,0.005090534183903602,1.0,9999,24,127,97,7.0,INSUFFICIENT_FOR_GATE,CRASH500,CRT_MSS_DISPLACEMENT,development,1.5,30,0.3387021710411737,0.47521993444204513,0.33879781420765026,0.4689265536723164,0.4225720543348419,0.43878424661272813,0.7881831031960422,1.0883491087167843,-0.09131545112612988,0.03781815167577101,,
84,34,36036,15519,0.40476190476190477,0.43065268065268064,0.9398801469166828,0.002190862813325601,1.0,9999,24,127,57,6.5,INSUFFICIENT_FOR_GATE,CRASH500,CRT_MSS_DISPLACEMENT_FVG,development,1.5,30,0.3061960226154048,0.5116576399397685,0.313953488372093,0.5,0.4225720543348419,0.43878424661272813,0.7286615716651756,1.1613492138105501,-0.11688291411698777,0.06913716109900207,,
3004,1322,36036,15519,0.4400798934753662,0.43065268065268064,1.0218905239563307,0.08518590115342484,0.1027,9999,24,127,127,9.0,ADEQUATE_FOR_RESEARCH_GATE,CRASH500,ATR_COMPRESSION,development,1.5,30,0.4224164268239895,0.4578964138198296,0.4220152976388427,0.45781285961561674,0.4225720543348419,0.43878424661272813,0.9872870591430936,1.0559100708518399,-0.005455407982580729,0.024155916962948654,,
2660,1228,36036,15519,0.4616541353383459,0.43065268065268064,1.0719871397031144,0.07912880984599523,0.0001,9999,24,127,127,10.0,ADEQUATE_FOR_RESEARCH_GATE,CRASH500,BB_SQUEEZE,development,1.5,30,0.44277794224145955,0.48064092365068983,0.4437687644039693,0.47960779163287337,0.4225720543348419,0.43878424661272813,1.0378737323719718,1.1067571049756983,0.016288878482221728,0.04600330234038782,,
1,0,36036,15519,0.0,0.43065268065268064,0.0,0.0,1.0,6382,24,127,1,,INSUFFICIENT_FOR_GATE,CRASH500,CANDLE_COMPRESSION,development,1.5,30,0.0,0.7934506856227626,0.0,0.0,0.4225720543348419,0.43878424661272813,0.0,0.0,-0.4388428238428238,-0.4226431775253445,,
1041,425,36036,15519,0.40826128722382327,0.43065268065268064,0.9480059118756167,0.02738578516657001,1.0,9999,24,127,127,9.0,ADEQUATE_FOR_RESEARCH_GATE,CRASH500,CANDLE_STRUCTURE,development,1.5,30,0.3787938705705316,0.43840327605152096,0.37656040380619576,0.4385980746089049,0.4225720543348419,0.43878424661272813,0.8762421903855362,1.0160011722600664,-0.05306778928648553,0.0069148342845874,,
1542,742,36036,15519,0.48119325551232167,0.43065268065268064,1.1173580872248228,0.04781235904375282,0.0001,9999,24,127,127,9.0,ADEQUATE_FOR_RESEARCH_GATE,CRASH500,SR_ALIGNMENT,development,1.5,30,0.4563325588343413,0.5061474227517085,0.4574522212298005,0.5055446836268754,0.4225720543348419,0.43878424661272813,1.0644788144924398,1.1704137744689993,0.02780843031776573,0.07355480239503667,,
1250,585,36036,15519,0.468,0.43065268065268064,1.0867225981055482,0.03769572781751401,0.0044,9999,24,127,127,9.0,ADEQUATE_FOR_RESEARCH_GATE,CRASH500,ATR_BB_COMPRESSION,development,1.5,30,0.4404790205337979,0.49571705957090334,0.4398355762617283,0.49635095504192506,0.4225720543348419,0.43878424661272813,1.0234930946846603,1.150293575096456,0.010152250987017062,0.06456957832988722,,
97,43,36036,15519,0.44329896907216493,0.43065268065268064,1.02936540044362,0.002770797087441201,0.3982,9999,24,127,68,11.0,INSUFFICIENT_FOR_GATE,CRASH500,CRT_ATR,development,1.5,30,0.34847593432042534,0.5424419467907645,0.3404255319148936,0.5454545454545454,0.4225720543348419,0.43878424661272813,0.7919014732813577,1.2653270833480208,-0.08942171796396446,0.11427158030735193,,
256,129,36036,15519,0.50390625,0.43065268065268064,1.170098951285521,0.008312391262323603,0.0148,9999,24,127,111,10.0,ADEQUATE_FOR_RESEARCH_GATE,CRASH500,CRT_BB,development,1.5,30,0.4430558870480185,0.5646411140736544,0.4359948717948718,0.571969696969697,0.4225720543348419,0.43878424661272813,1.0155754165821083,1.323651874098858,0.006725064817374378,0.1396477092449818,,
0,0,36036,15519,,0.43065268065268064,,0.0,1.0,0,24,127,0,,INSUFFICIENT_FOR_GATE,CRASH500,CRT_CANDLE_COMPRESSION,development,1.5,30,,,,,0.4225720543348419,0.43878424661272813,,,,,,
38,16,36036,15519,0.42105263157894735,0.43065268065268064,0.9777081404458372,0.0010309942650944003,1.0,9999,24,127,33,13.0,INSUFFICIENT_FOR_GATE,CRASH500,CRT_CANDLE_STRUCTURE,development,1.5,30,0.27852501157758713,0.5780765465632945,0.28205128205128205,0.5610518292682917,0.4225720543348419,0.43878424661272813,0.6553971596380187,1.304521917662366,-0.14886015755501067,0.13119383950325736,,
36,16,36036,15519,0.4444444444444444,0.43065268065268064,1.0320252593594947,0.0010309942650944003,0.425,9999,24,127,31,9.0,INSUFFICIENT_FOR_GATE,CRASH500,CRT_SR,development,1.5,30,0.2954126874008022,0.6041893824430271,0.28125,0.6052631578947368,0.4225720543348419,0.43878424661272813,0.6552369149377375,1.3976973354988897,-0.14802455746240364,0.17182969143290577,,
494,53,36036,2954,0.10728744939271255,0.08197358197358197,1.308805188326266,0.01794177386594448,0.0441,9999,24,127,125,3.0,ADEQUATE_FOR_RESEARCH_GATE,CRASH500,CRT,development,2.0,5,0.0829641242006462,0.1376712947154296,0.07958714029544872,0.13713310852186456,0.08005951307357556,0.08397805212620027,0.9747761695193684,1.6636721599784758,-0.0020595074378308123,0.05475466159515307,,
218,22,36036,2954,0.10091743119266056,0.08197358197358197,1.2310970042175748,0.007447528774542992,0.1776,9999,24,127,101,3.0,INSUFFICIENT_FOR_GATE,CRASH500,CRT_MSS,development,2.0,5,0.0675923303258239,0.14806374710451128,0.061611374407582936,0.14347826086956522,0.08005951307357556,0.08397805212620027,0.7550600891733356,1.7452198117935145,-0.020060233294169953,0.061263352086655946,,
346,41,36036,2954,0.11849710982658959,0.08197358197358197,1.4455524203490124,0.013879485443466486,0.0194,9999,24,127,116,3.0,ADEQUATE_FOR_RESEARCH_GATE,CRASH500,CRT_DISPLACEMENT,development,2.0,5,0.08856101566832565,0.15681144278775133,0.0855457227138643,0.1536235932313173,0.08005951307357556,0.08397805212620027,1.045473707554673,1.867758095436656,0.003739464867715291,0.07130421754380693,,
195,22,36036,2954,0.11282051282051282,0.08197358197358197,1.376303317535545,0.007447528774542992,0.091,9999,24,127,97,3.0,INSUFFICIENT_FOR_GATE,CRASH500,CRT_MSS_DISPLACEMENT,development,2.0,5,0.075695029875844,0.1649059952043195,0.06951098884114865,0.15951246573554362,0.08005951307357556,0.08397805212620027,0.8492328672919737,1.9330014374982993,-0.012268950542670777,0.07689023789138193,,
84,10,36036,2954,0.11904761904761904,0.08197358197358197,1.4522681110358835,0.003385240352064997,0.1314,9999,24,127,57,2.5,INSUFFICIENT_FOR_GATE,CRASH500,CRT_MSS_DISPLACEMENT_FVG,development,2.0,5,0.0659654924759903,0.2054491577447029,0.05555555555555555,0.18666666666666668,0.08005951307357556,0.08397805212620027,0.6763705898729293,2.278044616587205,-0.026485218876474145,0.10480042134787435,,
3004,295,36036,2954,0.09820239680426099,0.08197358197358197,1.1979761581714115,0.0998645903859174,0.0016,9999,24,127,127,3.0,ADEQUATE_FOR_RESEARCH_GATE,CRASH500,ATR_COMPRESSION,development,2.0,5,0.08806821035803002,0.10936289329246819,0.08758389261744967,0.10919359022778688,0.08005951307357556,0.08397805212620027,1.0709736672199388,1.3299321769118262,0.005806580412586578,0.027043099100266303,,
2660,233,36036,2954,0.08759398496240602,0.08197358197358197,1.0685635890674554,0.07887610020311442,0.1177,9999,24,127,127,3.0,ADEQUATE_FOR_RESEARCH_GATE,CRASH500,BB_SQUEEZE,development,2.0,5,0.07743667481411677,0.09894073581027414,0.07783279673257354,0.0972797623711577,0.08005951307357556,0.08397805212620027,0.9533643975932576,1.1854322319198458,-0.0038516291734283278,0.015159293305585535,,
1,0,36036,2954,0.0,0.08197358197358197,0.0,0.0,1.0,6382,24,127,1,,INSUFFICIENT_FOR_GATE,CRASH500,CANDLE_COMPRESSION,development,2.0,5,0.0,0.7934506856227626,0.0,0.0,0.08005951307357556,0.08397805212620027,0.0,0.0,-0.08392606055751291,-0.08002164079575642,,
1041,84,36036,2954,0.08069164265129683,0.08197358197358197,0.9843615553764836,0.02843601895734597,1.0,9999,24,127,127,3.0,ADEQUATE_FOR_RESEARCH_GATE,CRASH500,CANDLE_STRUCTURE,development,2.0,5,0.06564688154021396,0.09881965773230923,0.06544754571703561,0.09683604985618409,0.08005951307357556,0.08397805212620027,0.7992636444431073,1.1785949154078807,-0.016433286334428598,0.014642199582859148,,
1542,164,36036,2954,0.10635538261997406,0.08197358197358197,1.2974348571744703,0.055517941773865945,0.0026,9999,24,127,127,3.0,ADEQUATE_FOR_RESEARCH_GATE,CRASH500,SR_ALIGNMENT,development,2.0,5,0.09193413057885436,0.12273307020501673,0.08989393335326755,0.12337662337662338,0.08005951307357556,0.08397805212620027,1.1014951539584608,1.500423290776263,0.0083204522783131,0.041140848004617245,,
1250,127,36036,2954,0.1016,0.08197358197358197,1.2394236966824645,0.04299255247122546,0.01,9999,24,127,127,3.0,ADEQUATE_FOR_RESEARCH_GATE,CRASH500,ATR_BB_COMPRESSION,development,2.0,5,0.08605333091981938,0.11958786638371209,0.08502024291497975,0.11875025593775593,0.08005951307357556,0.08397805212620027,1.0427361583488348,1.4415967553896674,0.0035203429705482348,0.03633394621038921,,
97,9,36036,2954,0.09278350515463918,0.08197358197358197,1.1318708164362146,0.003046716316858497,0.3395,9999,24,127,68,1.0,INSUFFICIENT_FOR_GATE,CRASH500,CRT_ATR,development,2.0,5,0.04958321848144811,0.1670088367716433,0.036585365853658534,0.15315678581807607,0.08005951307357556,0.08397805212620027,0.443879232275026,1.876023141811927,-0.0454436933409746,0.07166249067795381,,
256,25,36036,2954,0.09765625,0.08197358197358197,1.1913136848341233,0.008463100880162491,0.2122,9999,24,127,111,3.0,INSUFFICIENT_FOR_GATE,CRASH500,CRT_BB,development,2.0,5,0.06702402222215342,0.14018486224554,0.06140350877192982,0.13698883815322166,0.08005951307357556,0.08397805212620027,0.749322803532296,1.6665562305520736,-0.020483023783602693,0.05476769907290244,,
0,0,36036,2954,,0.08197358197358197,,0.0,1.0,0,24,127,0,,INSUFFICIENT_FOR_GATE,CRASH500,CRT_CANDLE_COMPRESSION,development,2.0,5,,,,,0.08005951307357556,0.08397805212620027,,,,,,
38,0,36036,2954,0.0,0.08197358197358197,0.0,0.0,1.0,9999,24,127,33,,INSUFFICIENT_FOR_GATE,CRASH500,CRT_CANDLE_STRUCTURE,development,2.0,5,0.0,0.09180986822558396,0.0,0.0,0.08005951307357556,0.08397805212620027,0.0,0.0,-0.08397805212620027,-0.08005951307357556,,
36,4,36036,2954,0.1111111111111111,0.08197358197358197,1.3554502369668247,0.0013540961408259986,0.2558,9999,24,127,31,2.0,INSUFFICIENT_FOR_GATE,CRASH500,CRT_SR,development,2.0,5,0.04406640300315648,0.25314808590364857,0.02631578947368421,0.20689655172413793,0.08005951307357556,0.08397805212620027,0.32119477111144906,2.5322689374967586,-0.05574069218594281,0.1253204341609098,,
494,96,36036,5619,0.19433198380566802,0.15592740592740592,1.2462978053783687,0.017084890549919914,0.0194,9999,24,127,125,5.0,ADEQUATE_FOR_RESEARCH_GATE,CRASH500,CRT,development,2.0,10,0.1618528160992895,0.23152836047971795,0.1598360655737705,0.23127753303964757,0.15248391661880834,0.15947875914090823,1.0234897935704976,1.4774598919133253,0.0036978109778298034,0.07459781664331068,,
218,40,36036,5619,0.1834862385321101,0.15592740592740592,1.1767414293901264,0.007118704395799964,0.1333,9999,24,127,101,5.0,ADEQUATE_FOR_RESEARCH_GATE,CRASH500,CRT_MSS,development,2.0,10,0.13773874162153354,0.2401953887542495,0.13567741809824316,0.2336448598130841,0.15248391661880834,0.15947875914090823,0.8696457651410969,1.5001749862289835,-0.020250482574578454,0.07781561381772743,,
346,74,36036,5619,0.2138728323699422,0.15592740592740592,1.3716179724654276,0.013169603132229934,0.0045,9999,24,127,116,5.0,ADEQUATE_FOR_RESEARCH_GATE,CRASH500,CRT_DISPLACEMENT,development,2.0,10,0.1739327947342706,0.2600965491077871,0.17101449275362318,0.25767043013524427,0.15248391661880834,0.15947875914090823,1.097674252600377,1.6471136628830425,0.01517615585485356,0.10117932187075397,,
195,38,36036,5619,0.19487179487179487,0.15592740592740592,1.249759743726642,0.006762769176009966,0.0799,9999,24,127,97,5.0,INSUFFICIENT_FOR_GATE,CRASH500,CRT_MSS_DISPLACEMENT,development,2.0,10,0.14539632991961274,0.25613692825614526,0.14220183486238533,0.25,0.15248391661880834,0.15947875914090823,0.9141563071028014,1.5999401302244474,-0.013254542854972556,0.09363744718574947,,
84,13,36036,5619,0.15476190476190477,0.15592740592740592,0.9925253603844101,0.0023135789286349885,1.0,9999,24,127,57,3.0,INSUFFICIENT_FOR_GATE,CRASH500,CRT_MSS_DISPLACEMENT_FVG,development,2.0,10,0.09273310465265512,0.2469864221098481,0.08450704225352113,0.22666666666666666,0.15248391661880834,0.15947875914090823,0.542871618922599,1.457880293888278,-0.07155937598218519,0.07124627423286027,,
3004,528,36036,5619,0.17576564580559254,0.15592740592740592,1.1272274091920862,0.09396689802455953,0.0003,9999,24,127,127,5.0,ADEQUATE_FOR_RESEARCH_GATE,CRASH500,ATR_COMPRESSION,development,2.0,10,0.16257111982565964,0.1897883623247838,0.16347911487072067,0.18825925846571878,0.15248391661880834,0.15947875914090823,1.0526933803077905,1.204402756894986,0.008208742714787234,0.03172213631403877,,
2660,424,36036,5619,0.1593984962406015,0.15592740592740592,1.0222609379829715,0.07545826659547962,0.2878,9999,24,127,127,5.0,ADEQUATE_FOR_RESEARCH_GATE,CRASH500,BB_SQUEEZE,development,2.0,10,0.14598047250504687,0.17379886571345649,0.14672248331586224,0.17263849924372227,0.15248391661880834,0.15947875914090823,0.9450285802667782,1.1002384611915113,-0.008540655927285066,0.015716533282526517,,
1,0,36036,5619,0.0,0.15592740592740592,0.0,0.0,1.0,6382,24,127,1,,INSUFFICIENT_FOR_GATE,CRASH500,CANDLE_COMPRESSION,development,2.0,10,0.0,0.7934506856227626,0.0,0.0,0.15248391661880834,0.15947875914090823,0.0,0.0,-0.15942747180694564,-0.1524034750347014,,
1041,162,36036,5619,0.15561959654178675,0.15592740592740592,0.9980259442925481,0.028830752802989856,1.0,9999,24,127,127,5.0,ADEQUATE_FOR_RESEARCH_GATE,CRASH500,CANDLE_STRUCTURE,development,2.0,10,0.13486948699042475,0.17890200059078845,0.13281964328681425,0.1784037558685446,0.15248391661880834,0.15947875914090823,0.857760689704659,1.1392129664229593,-0.022020893236994358,0.0216689726005436,,
1542,292,36036,5619,0.1893644617380026,0.15592740592740592,1.2144398902279163,0.05196654208933974,0.0003,9999,24,127,127,5.0,ADEQUATE_FOR_RESEARCH_GATE,CRASH500,SR_ALIGNMENT,development,2.0,10,0.17059000713610575,0.20968279216451083,0.16903180197362966,0.20991665970320925,0.15248391661880834,0.15947875914090823,1.0897603781167853,1.3402817901972175,0.01386967248239641,0.05318291145362963,,
1250,230,36036,5619,0.184,0.15592740592740592,1.1800363053924185,0.04093255027584979,0.0043,9999,24,127,127,5.0,ADEQUATE_FOR_RESEARCH_GATE,CRASH500,ATR_BB_COMPRESSION,development,2.0,10,0.16349860357095647,0.2064376874629691,0.1636073423782921,0.205229793977813,0.15248391661880834,0.15947875914090823,1.0503467295339215,1.3148730921941385,0.007847602059369334,0.04908874746097002,,
97,14,36036,5619,0.14432989690721648,0.15592740592740592,0.9256223820872848,0.0024915465385299874,1.0,9999,24,127,68,3.5,INSUFFICIENT_FOR_GATE,CRASH500,CRT_ATR,development,2.0,10,0.08796356947511697,0.22779404840416534,0.07766990291262135,0.21782178217821782,0.15248391661880834,0.15947875914090823,0.49956764556085226,1.3963570776832643,-0.07797165867304072,0.06165238645667244,,
256,48,36036,5619,0.1875,0.15592740592740592,1.2024826481580353,0.008542445274959957,0.1276,9999,24,127,111,5.0,ADEQUATE_FOR_RESEARCH_GATE,CRASH500,CRT_BB,development,2.0,10,0.14443796573655726,0.2398019445296124,0.13533834586466165,0.24242424242424243,0.15248391661880834,0.15947875914090823,0.8656705250582353,1.5558464645629793,-0.02099327738727989,0.08646116250214786,,
0,0,36036,5619,,0.15592740592740592,,0.0,1.0,0,24,127,0,,INSUFFICIENT_FOR_GATE,CRASH500,CRT_CANDLE_COMPRESSION,development,2.0,10,,,,,0.15248391661880834,0.15947875914090823,,,,,,
38,2,36036,5619,0.05263157894736842,0.15592740592740592,0.3375389889566415,0.0003559352197899982,1.0,9999,24,127,33,9.0,INSUFFICIENT_FOR_GATE,CRASH500,CRT_CANDLE_STRUCTURE,development,2.0,10,0.014554208147292413,0.17285462131770377,0.0,0.13157894736842105,0.15248391661880834,0.15947875914090823,0.0,0.8463458489183437,-0.15756245203833788,-0.02430479108829966,,
36,7,36036,5619,0.19444444444444445,0.15592740592740592,1.2470190425342589,0.0012457732692649937,0.2719,9999,24,127,31,5.0,INSUFFICIENT_FOR_GATE,CRASH500,CRT_SR,development,2.0,10,0.09753095418928728,0.3502804299517739,0.06060606060606061,0.34285714285714286,0.15248391661880834,0.15947875914090823,0.3939804074602466,2.1930700380523427,-0.09381260172351061,0.18666546505329187,,
494,123,36036,7785,0.24898785425101214,0.21603396603396605,1.1525403103133556,0.01579961464354528,0.0496,9999,24,127,125,6.0,ADEQUATE_FOR_RESEARCH_GATE,CRASH500,CRT,development,2.0,15,0.21289011150890508,0.28895933150961756,0.21040779252020922,0.28827218142756367,0.21152666446207607,0.22068753110290124,0.9751529526030407,1.332525512105482,-0.005416372580190217,0.07173692676232378,,
218,47,36036,7785,0.21559633027522937,0.21603396603396605,0.9979742270774778,0.0060372511239563265,1.0,9999,24,127,101,6.0,ADEQUATE_FOR_RESEARCH_GATE,CRASH500,CRT_MSS,development,2.0,15,0.16618255369032017,0.2748597083864704,0.16336128510810266,0.2703862660944206,0.21152666446207607,0.22068753110290124,0.756349811083129,1.2514696288753,-0.052533373027004934,0.05423936043234424,,
346,90,36036,7785,0.26011560693641617,0.21603396603396605,1.2040495840155032,0.011560693641618497,0.0352,9999,24,127,116,6.0,ADEQUATE_FOR_RESEARCH_GATE,CRASH500,CRT_DISPLACEMENT,development,2.0,15,0.21670394428315923,0.30879540459452554,0.2124608287999198,0.3081570996978852,0.21152666446207607,0.22068753110290124,0.9857586604640933,1.4256792832849128,-0.003064823798737892,0.09189880433244664,,
195,45,36036,7785,0.23076923076923078,0.21603396603396605,1.068208092485549,0.005780346820809248,0.31,9999,24,127,97,6.0,INSUFFICIENT_FOR_GATE,CRASH500,CRT_MSS_DISPLACEMENT,development,2.0,15,0.17717856265131265,0.29476254750376796,0.17258770944701496,0.2903225806451613,0.21152666446207607,0.22068753110290124,0.7977088880195492,1.3445135973512952,-0.04394825896909566,0.07414951724605606,,
84,15,36036,7785,0.17857142857142858,0.21603396603396605,0.8265895953757225,0.0019267822736030828,1.0,9999,24,127,57,3.0,INSUFFICIENT_FOR_GATE,CRASH500,CRT_MSS_DISPLACEMENT_FVG,development,2.0,15,0.11131188660772935,0.27394422451598055,0.10526315789473684,0.25334272300469474,0.21152666446207607,0.22068753110290124,0.48733357505489044,1.174284930808509,-0.11072914787291119,0.037568340472463574,,
3004,687,36036,7785,0.22869507323568575,0.21603396603396605,1.0586070210817176,0.0882466281310212,0.0227,9999,24,127,127,7.0,ADEQUATE_FOR_RESEARCH_GATE,CRASH500,ATR_COMPRESSION,development,2.0,15,0.21402821416729934,0.24405492541443724,0.21506641442787316,0.2425249169435216,0.21152666446207607,0.22068753110290124,1.0026866400230208,1.1155102626920128,0.0005796371653396068,0.02496015089569264,,
2660,601,36036,7785,0.22593984962406016,0.21603396603396605,1.0458533617280195,0.07719974309569685,0.074,9999,24,127,127,7.0,ADEQUATE_FOR_RESEARCH_GATE,CRASH500,BB_SQUEEZE,development,2.0,15,0.21044915414456042,0.24222097561403663,0.21110147529713985,0.24044128890088146,0.21152666446207607,0.22068753110290124,0.9813064443137159,1.10738925239197,-0.004010705931528031,0.02323565408269428,,
1,0,36036,7785,0.0,0.21603396603396605,0.0,0.0,1.0,6382,24,127,1,,INSUFFICIENT_FOR_GATE,CRASH500,CANDLE_COMPRESSION,development,2.0,15,0.0,0.7934506856227626,0.0,0.0,0.21152666446207607,0.22068753110290124,0.0,0.0,-0.22071067599463412,-0.21150628475880362,,
1041,221,36036,7785,0.21229586935638808,0.21603396603396605,0.9826967178069108,0.028387925497752087,1.0,9999,24,127,127,7.0,ADEQUATE_FOR_RESEARCH_GATE,CRASH500,CANDLE_STRUCTURE,development,2.0,15,0.18853545460807863,0.23817182720663083,0.1862647715815946,0.23886333843629395,0.21152666446207607,0.22068753110290124,0.8642786645442182,1.1020615145617987,-0.02924472991722368,0.02215801275471705,,
1542,397,36036,7785,0.25745784695201035,0.21603396603396605,1.1917470742148548,0.05099550417469493,0.0001,9999,24,127,127,7.0,ADEQUATE_FOR_RESEARCH_GATE,CRASH500,SR_ALIGNMENT,development,2.0,15,0.23625611657608636,0.2798650252577979,0.23655217109526896,0.2792510282776893,0.21152666446207607,0.22068753110290124,1.1012776674204716,1.2849979300803231,0.021881160838959,0.06189872744238738,,
1250,299,36036,7785,0.2392,0.21603396603396605,1.1072332947976877,0.03840719332048812,0.0172,9999,24,127,127,7.0,ADEQUATE_FOR_RESEARCH_GATE,CRASH500,ATR_BB_COMPRESSION,development,2.0,15,0.21637297597069574,0.26362507688262,0.21879570052824993,0.26063079316959314,0.21152666446207607,0.22068753110290124,1.012698365579117,1.2048153517556073,0.0027457038802671738,0.04422393290882758,,
97,22,36036,7785,0.2268041237113402,0.21603396603396605,1.0498540015493711,0.002825947334617855,0.3849,9999,24,127,68,9.0,INSUFFICIENT_FOR_GATE,CRASH500,CRT_ATR,development,2.0,15,0.1548181000932749,0.31960441798791295,0.14814814814814814,0.30851063829787234,0.21152666446207607,0.22068753110290124,0.6867186921175205,1.4275489068164973,-0.06752716534551699,0.09245104841974944,,
256,64,36036,7785,0.25,0.21603396603396605,1.1572254335260115,0.008220937700706487,0.1308,9999,24,127,111,7.0,ADEQUATE_FOR_RESEARCH_GATE,CRASH500,CRT_BB,development,2.0,15,0.20091686568173925,0.3064750625311965,0.19101123595505617,0.30952380952380953,0.21152666446207607,0.22068753110290124,0.8857273137929762,1.4285460584380456,-0.024527192289566707,0.09270373122548865,,
0,0,36036,7785,,0.21603396603396605,,0.0,1.0,0,24,127,0,,INSUFFICIENT_FOR_GATE,CRASH500,CRT_CANDLE_COMPRESSION,development,2.0,15,,,,,0.21152666446207607,0.22068753110290124,,,,,,
38,6,36036,7785,0.15789473684210525,0.21603396603396605,0.730879221174323,0.0007707129094412332,1.0,9999,24,127,33,13.0,INSUFFICIENT_FOR_GATE,CRASH500,CRT_CANDLE_STRUCTURE,development,2.0,15,0.07443863415158927,0.3041681177922313,0.05555555555555555,0.2682926829268293,0.21152666446207607,0.22068753110290124,0.25380939152639204,1.2386306421523807,-0.16109018708609468,0.05166075552956094,,
36,10,36036,7785,0.2777777777777778,0.21603396603396605,1.285806037251124,0.0012845215157353885,0.1991,9999,24,127,31,7.5,INSUFFICIENT_FOR_GATE,CRASH500,CRT_SR,development,2.0,15,0.1584833794013461,0.43992489997397105,0.13333333333333333,0.42857142857142855,0.21152666446207607,0.22068753110290124,0.6123260288560276,1.9863043957149116,-0.08392402903235972,0.21367342009461043,,
494,182,36036,12350,0.3684210526315789,0.3427128427128427,1.0750138504155125,0.014736842105263158,0.1188,9999,24,127,125,10.0,ADEQUATE_FOR_RESEARCH_GATE,CRASH500,CRT,development,2.0,30,0.32705124357287163,0.4118214483319992,0.3246122893601885,0.4127310061601643,0.33524661427163116,0.3503939060086625,0.9514819606557731,1.199625778731817,-0.016657373621174608,0.06870902874557382,,
218,71,36036,12350,0.3256880733944954,0.3427128427128427,0.9503235152100434,0.0057489878542510125,1.0,9999,24,127,101,9.0,ADEQUATE_FOR_RESEARCH_GATE,CRASH500,CRT_MSS,development,2.0,30,0.26696492588437765,0.3904480734530101,0.2634146341463415,0.38647965536132267,0.33524661427163116,0.3503939060086625,0.7695300539581061,1.1301156840880728,-0.07940535553469037,0.04440659944337147,,
346,133,36036,12350,0.38439306358381503,0.3427128427128427,1.1216184971098266,0.010769230769230769,0.0667,9999,24,127,116,10.0,ADEQUATE_FOR_RESEARCH_GATE,CRASH500,CRT_DISPLACEMENT,development,2.0,30,0.3346723067716463,0.4366526806392862,0.32830863330623106,0.44068054196074385,0.33524661427163116,0.3503939060086625,0.9615499800246275,1.2822512381731972,-0.013128530845066263,0.0969978259975804,,
195,64,36036,12350,0.3282051282051282,0.3427128427128427,0.9576680161943321,0.005182186234817814,1.0,9999,24,127,97,9.0,INSUFFICIENT_FOR_GATE,CRASH500,CRT_MSS_DISPLACEMENT,development,2.0,30,0.26617393772619763,0.39687419922990136,0.265,0.39080459770114945,0.33524661427163116,0.3503939060086625,0.7741210736397178,1.1403313288928294,-0.07778386663419538,0.04786067279908131,,
84,28,36036,12350,0.3333333333333333,0.3427128427128427,0.9726315789473684,0.0022672064777327933,1.0,9999,24,127,57,13.0,INSUFFICIENT_FOR_GATE,CRASH500,CRT_MSS_DISPLACEMENT_FVG,development,2.0,30,0.24177214000720681,0.4394717694643464,0.23943661971830985,0.42857142857142855,0.33524661427163116,0.3503939060086625,0.6967848898500794,1.2529974586086472,-0.10428625784160653,0.08687621363055109,,
3004,1069,36036,12350,0.3558588548601864,0.3427128427128427,1.0383586796551967,0.0865587044534413,0.0273,9999,24,127,127,11.0,ADEQUATE_FOR_RESEARCH_GATE,CRASH500,ATR_COMPRESSION,development,2.0,30,0.33893195336143067,0.37315393552064535,0.339690314532386,0.37217675941080197,0.33524661427163116,0.3503939060086625,0.998836989646672,1.0773208799841032,-0.0004016176513937153,0.026553101275441613,,
2660,966,36036,12350,0.3631578947368421,0.3427128427128427,1.059656509695291,0.07821862348178138,0.0029,9999,24,127,127,12.0,ADEQUATE_FOR_RESEARCH_GATE,CRASH500,BB_SQUEEZE,development,2.0,30,0.34509177849351097,0.38161868410200256,0.34588662278293736,0.3803896085847533,0.33524661427163116,0.3503939060086625,1.0190453937968278,1.100643011546583,0.006450585763576652,0.034535519528502125,,
1,0,36036,12350,0.0,0.3427128427128427,0.0,0.0,1.0,6382,24,127,1,,INSUFFICIENT_FOR_GATE,CRASH500,CANDLE_COMPRESSION,development,2.0,30,0.0,0.7934506856227626,0.0,0.0,0.33524661427163116,0.3503939060086625,0.0,0.0,-0.3503844417861936,-0.335230659605312,,
1041,339,36036,12350,0.3256484149855908,0.3427128427128427,0.9502077961474291,0.02744939271255061,1.0,9999,24,127,127,11.0,ADEQUATE_FOR_RESEARCH_GATE,CRASH500,CANDLE_STRUCTURE,development,2.0,30,0.2978676695066475,0.3547112007750545,0.2970863682707057,0.35374149659863946,0.33524661427163116,0.3503939060086625,0.8687513376886492,1.0312864730205462,-0.04499455789602178,0.010672634765458199,,
1542,597,36036,12350,0.38715953307393,0.3427128427128427,1.1296907638746674,0.04834008097165992,0.0002,9999,24,127,127,11.0,ADEQUATE_FOR_RESEARCH_GATE,CRASH500,SR_ALIGNMENT,development,2.0,30,0.36315633369211336,0.4117235558241858,0.36363343863343867,0.4119519979482947,0.33524661427163116,0.3503939060086625,1.0662516995762121,1.1963500393594464,0.0226900655148275,0.06732815930356884,,
1250,475,36036,12350,0.38,0.3427128427128427,1.1088,0.038461538461538464,0.0022,9999,24,127,127,11.0,ADEQUATE_FOR_RESEARCH_GATE,CRASH500,ATR_BB_COMPRESSION,development,2.0,30,0.3534984289180828,0.4072368714745471,0.35436893203883496,0.40627450980392155,0.33524661427163116,0.3503939060086625,1.0368556913336449,1.1816607617228703,0.012683526642030738,0.06222478066235668,,
97,36,36036,12350,0.3711340206185567,0.3427128427128427,1.082930005425936,0.0029149797570850204,0.2792,9999,24,127,68,13.0,INSUFFICIENT_FOR_GATE,CRASH500,CRT_ATR,development,2.0,30,0.2816237546594088,0.4704623387751138,0.2727272727272727,0.4725274725274725,0.33524661427163116,0.3503939060086625,0.798871290834025,1.3743114695693581,-0.06881207877396521,0.12863702060859675,,
256,108,36036,12350,0.421875,0.3427128427128427,1.2309868421052632,0.00874493927125506,0.0108,9999,24,127,111,12.0,ADEQUATE_FOR_RESEARCH_GATE,CRASH500,CRT_BB,development,2.0,30,0.36297114591343,0.4830888316531124,0.3533834586466165,0.4906401848989877,0.33524661427163116,0.3503939060086625,1.0358272043794412,1.4272266551678752,0.012215520606007042,0.1467666171932031,,
0,0,36036,12350,,0.3427128427128427,,0.0,1.0,0,24,127,0,,INSUFFICIENT_FOR_GATE,CRASH500,CRT_CANDLE_COMPRESSION,development,2.0,30,,,,,0.33524661427163116,0.3503939060086625,,,,,,
38,14,36036,12350,0.3684210526315789,0.3427128427128427,1.0750138504155125,0.0011336032388663967,0.3453,9999,24,127,33,17.0,INSUFFICIENT_FOR_GATE,CRASH500,CRT_CANDLE_STRUCTURE,development,2.0,30,0.23384219247155957,0.5271604044299099,0.23809523809523808,0.5,0.33524661427163116,0.3503939060086625,0.6922170124180671,1.4732569130984592,-0.10546970884969166,0.16075183709437854,,
36,13,36036,12350,0.3611111111111111,0.3427128427128427,1.0536842105263158,0.0010526315789473684,0.4005,9999,24,127,31,10.0,INSUFFICIENT_FOR_GATE,CRASH500,CRT_SR,development,2.0,30,0.22475592946515371,0.5242492451444196,0.2,0.52,0.33524661427163116,0.3503939060086625,0.5826113528164427,1.5175880530497328,-0.14296925332051225,0.17752693204100944,,
494,17,36036,1086,0.03441295546558704,0.030136530136530136,1.1419017156150044,0.01565377532228361,0.2822,9999,24,127,125,3.0,INSUFFICIENT_FOR_GATE,CRASH500,CRT,development,3.0,5,0.02159495895889625,0.05441610470449253,0.020159262023755436,0.05040322580645161,0.028574502718086755,0.031720374654425273,0.6731493435369794,1.6716086788983628,-0.009759019657286976,0.020254254590956266,,
218,7,36036,1086,0.03211009174311927,0.030136530136530136,1.0654873536418472,0.006445672191528545,0.4136,9999,24,127,101,3.0,INSUFFICIENT_FOR_GATE,CRASH500,CRT_MSS,development,3.0,5,0.015639520906828585,0.06478484573563335,0.01015228426395939,0.056768558951965066,0.028574502718086755,0.031720374654425273,0.3403684868711301,1.8615837598681868,-0.019435712472983552,0.026172469946313583,,
346,10,36036,1086,0.028901734104046242,0.030136530136530136,0.9590266023696228,0.009208103130755065,1.0,9999,24,127,116,3.0,INSUFFICIENT_FOR_GATE,CRASH500,CRT_DISPLACEMENT,development,3.0,5,0.015773172049340096,0.05237615165020947,0.01288535485795737,0.047619047619047616,0.028574502718086755,0.031720374654425273,0.43002686655676825,1.5660189539785034,-0.01708688638746365,0.01720651582104559,,
195,7,36036,1086,0.035897435897435895,0.030136530136530136,1.1911602209944752,0.006445672191528545,0.3082,9999,24,127,97,3.0,INSUFFICIENT_FOR_GATE,CRASH500,CRT_MSS_DISPLACEMENT,development,3.0,5,0.01749556355741402,0.07223149299562964,0.011494252873563218,0.06315789473684211,0.028574502718086755,0.031720374654425273,0.3873010039607631,2.067272492413217,-0.018101169776991898,0.03246075808603893,,
84,5,36036,1086,0.05952380952380952,0.030136530136530136,1.9751381215469612,0.004604051565377533,0.1195,9999,24,127,57,4.0,INSUFFICIENT_FOR_GATE,CRASH500,CRT_MSS_DISPLACEMENT_FVG,development,3.0,5,0.025690561091495437,0.13188262822618113,0.012987012987012988,0.1111111111111111,0.028574502718086755,0.031720374654425273,0.4298275361158174,3.6831828100929296,-0.017192955223535346,0.08038540498019704,,
3004,113,36036,1086,0.03761651131824234,0.030136530136530136,1.2482031324716216,0.10405156537753223,0.0187,9999,24,127,127,3.0,ADEQUATE_FOR_RESEARCH_GATE,CRASH500,ATR_COMPRESSION,development,3.0,5,0.03138183909371216,0.04503224787442535,0.030716267879356777,0.04479745215835881,0.028574502718086755,0.031720374654425273,1.0236037225289822,1.4816046665698799,0.000715495948346829,0.014539293944039702,,
2660,83,36036,1086,0.031203007518796993,0.030136530136530136,1.0353881942425125,0.07642725598526703,0.3683,9999,24,127,127,3.0,ADEQUATE_FOR_RESEARCH_GATE,CRASH500,BB_SQUEEZE,development,3.0,5,0.025242025993597178,0.038516069766307545,0.02442635085122132,0.038226415443772324,0.028574502718086755,0.031720374654425273,0.8169782756412678,1.2657912134751597,-0.005524314846813994,0.007972139974392358,,
1,0,36036,1086,0.0,0.030136530136530136,0.0,0.0,1.0,6382,24,127,1,,INSUFFICIENT_FOR_GATE,CRASH500,CANDLE_COMPRESSION,development,3.0,5,0.0,0.7934506856227626,0.0,0.0,0.028574502718086755,0.031720374654425273,0.0,0.0,-0.03168876871426052,-0.028553975989762934,,
1041,35,36036,1086,0.03362151777137368,0.030136530136530136,1.1156399764357476,0.03222836095764273,0.2513,9999,24,127,127,3.0,ADEQUATE_FOR_RESEARCH_GATE,CRASH500,CANDLE_STRUCTURE,development,3.0,5,0.02427289384304332,0.046399511235559215,0.023428259809160516,0.0444234404536862,0.028574502718086755,0.031720374654425273,0.7897332909586403,1.4553593300507395,-0.006279032521485197,0.013824755610962584,,
1542,66,36036,1086,0.042801556420233464,0.030136530136530136,1.4202549605520562,0.06077348066298342,0.0148,9999,24,127,127,3.0,ADEQUATE_FOR_RESEARCH_GATE,CRASH500,SR_ALIGNMENT,development,3.0,5,0.03378382189164326,0.054091592527844574,0.03207184092366902,0.05440137937678041,0.028574502718086755,0.031720374654425273,1.065081262974422,1.8002374774971532,0.0019486473993557984,0.024176099304436892,,
1250,51,36036,1086,0.0408,0.030136530136530136,1.3538386740331494,0.04696132596685083,0.0283,9999,24,127,127,3.0,ADEQUATE_FOR_RESEARCH_GATE,CRASH500,ATR_BB_COMPRESSION,development,3.0,5,0.031166932731933748,0.05324681677053028,0.030087094220110848,0.051987891796282076,0.028574502718086755,0.031720374654425273,1.0053060921514185,1.7161186678136413,0.00015756908143142457,0.021598422968470088,,
97,3,36036,1086,0.030927835051546393,0.030136530136530136,1.0262573332573903,0.0027624309392265192,0.4438,9999,24,127,68,2.0,INSUFFICIENT_FOR_GATE,CRASH500,CRT_ATR,development,3.0,5,0.01057334494855243,0.08702003515310984,0.0,0.0673076923076923,0.028574502718086755,0.031720374654425273,0.0,2.2325920487760316,-0.03019763045719266,0.03712991177204319,,
256,6,36036,1086,0.0234375,0.030136530136530136,0.777710635359116,0.0055248618784530384,1.0,9999,24,127,111,2.5,INSUFFICIENT_FOR_GATE,CRASH500,CRT_BB,development,3.0,5,0.010784867555857603,0.0501809956000511,0.007462686567164179,0.04405286343612335,0.028574502718086755,0.031720374654425273,0.24812351940131452,1.441903625140603,-0.022839446771451884,0.01345892225596367,,
0,0,36036,1086,,0.030136530136530136,,0.0,1.0,0,24,127,0,,INSUFFICIENT_FOR_GATE,CRASH500,CRT_CANDLE_COMPRESSION,development,3.0,5,,,,,0.028574502718086755,0.031720374654425273,,,,,,
38,0,36036,1086,0.0,0.030136530136530136,0.0,0.0,1.0,9999,24,127,33,,INSUFFICIENT_FOR_GATE,CRASH500,CRT_CANDLE_STRUCTURE,development,3.0,5,0.0,0.09180986822558396,0.0,0.0,0.028574502718086755,0.031720374654425273,0.0,0.0,-0.031720374654425273,-0.028574502718086755,,
36,3,36036,1086,0.08333333333333333,0.030136530136530136,2.7651933701657456,0.0027624309392265192,0.1157,9999,24,127,31,3.0,INSUFFICIENT_FOR_GATE,CRASH500,CRT_SR,development,3.0,5,0.02874861133599338,0.2182669124927263,0.0,0.175,0.028574502718086755,0.031720374654425273,0.0,5.784938906680936,-0.03005812344312206,0.14483257303041092,,
494,45,36036,2519,0.09109311740890688,0.0699023199023199,1.303148701447943,0.017864231838030965,0.048,9999,24,127,125,6.0,ADEQUATE_FOR_RESEARCH_GATE,CRASH500,CRT,development,3.0,10,0.06877635491851078,0.11972031838585678,0.067072569394333,0.1162280701754386,0.06756681823222802,0.07229778095919828,0.9652801883522639,1.6567028176516172,-0.0024461031031875725,0.04603632305651126,,
218,16,36036,2519,0.07339449541284404,0.0699023199023199,1.049957934377629,0.006351726875744343,0.4019,9999,24,127,101,6.0,INSUFFICIENT_FOR_GATE,CRASH500,CRT_MSS,development,3.0,10,0.04567886470211208,0.11588452841307381,0.04236691334447362,0.10810810810810811,0.06756681823222802,0.07229778095919828,0.6096937193833795,1.5379608336088715,-0.027219910341188175,0.03777038391713529,,
346,31,36036,2519,0.08959537572254335,0.0699023199023199,1.2817224928692228,0.012306470821754664,0.0924,9999,24,127,116,7.0,ADEQUATE_FOR_RESEARCH_GATE,CRASH500,CRT_DISPLACEMENT,development,3.0,10,0.06383682332396569,0.12436688198484437,0.061577024525303496,0.12,0.06756681823222802,0.07229778095919828,0.8867302816401279,1.7023769323199192,-0.007716026691463851,0.049319907433302876,,
195,16,36036,2519,0.08205128205128205,0.0699023199023199,1.1737991266375545,0.006351726875744343,0.2515,9999,24,127,97,6.0,INSUFFICIENT_FOR_GATE,CRASH500,CRT_MSS_DISPLACEMENT,development,3.0,10,0.05113473050364543,0.12911670716567017,0.047608784893267656,0.1206896551724138,0.06756681823222802,0.07229778095919828,0.6814433210228051,1.7188342035355857,-0.02208717673291889,0.05050495769862696,,
84,6,36036,2519,0.07142857142857142,0.0699023199023199,1.0218340611353711,0.0023818975784041284,0.4492,9999,24,127,57,4.5,INSUFFICIENT_FOR_GATE,CRASH500,CRT_MSS_DISPLACEMENT_FVG,development,3.0,10,0.03314580993583533,0.14719567156244456,0.022988505747126436,0.12729206963249487,0.06756681823222802,0.07229778095919828,0.3266776422760898,1.8218621353726523,-0.047292282376417374,0.05715535738948264,,
3004,255,36036,2519,0.08488681757656458,0.0699023199023199,1.2143633815756574,0.10123064708217547,0.0008,9999,24,127,127,6.0,ADEQUATE_FOR_RESEARCH_GATE,CRASH500,ATR_COMPRESSION,development,3.0,10,0.07544244769961435,0.0953915094272881,0.07566092272972165,0.09437172349661538,0.06756681823222802,0.07229778095919828,1.0863721928236512,1.3458647862688895,0.006028180930147121,0.024148775084555756,,
2660,177,36036,2519,0.06654135338345865,0.0699023199023199,0.9519190990576879,0.0702659785629218,1.0,9999,24,127,127,6.0,ADEQUATE_FOR_RESEARCH_GATE,CRASH500,BB_SQUEEZE,development,3.0,10,0.057681540546348595,0.07665132586196748,0.058369901658125695,0.07500943050700858,0.06756681823222802,0.07229778095919828,0.8382697653991065,1.0703651145328386,-0.01131921457987833,0.004882503997124529,,
1,0,36036,2519,0.0,0.0699023199023199,0.0,0.0,1.0,6382,24,127,1,,INSUFFICIENT_FOR_GATE,CRASH500,CANDLE_COMPRESSION,development,3.0,10,0.0,0.7934506856227626,0.0,0.0,0.06756681823222802,0.07229778095919828,0.0,0.0,-0.07221648705438187,-0.0675379714177218,,
1041,80,36036,2519,0.07684918347742556,0.0699023199023199,1.0993795854674504,0.031758634378721715,0.2019,9999,24,127,127,7.0,ADEQUATE_FOR_RESEARCH_GATE,CRASH500,CANDLE_STRUCTURE,development,3.0,10,0.06217994250571278,0.09462993275098015,0.06,0.09386973180076628,0.06756681823222802,0.07229778095919828,0.8630599197286724,1.3417733870897552,-0.009581682139706536,0.023853823669066042,,
1542,155,36036,2519,0.10051880674448768,0.0699023199023199,1.4379895672268195,0.06153235410877332,0.0001,9999,24,127,127,6.0,ADEQUATE_FOR_RESEARCH_GATE,CRASH500,SR_ALIGNMENT,development,3.0,10,0.08648925448576253,0.1165338026523999,0.08545284335339823,0.11641752865650062,0.06756681823222802,0.07229778095919828,1.2257540969531688,1.6616792287773945,0.015726397429655644,0.0463109829932853,,
1250,110,36036,2519,0.088,0.0699023199023199,1.2588995633187772,0.043668122270742356,0.0087,9999,24,127,127,6.0,ADEQUATE_FOR_RESEARCH_GATE,CRASH500,ATR_BB_COMPRESSION,development,3.0,10,0.07353083961255238,0.10499369173547715,0.07428093158842645,0.10227407901376973,0.06756681823222802,0.07229778095919828,1.0638264980674037,1.4635071888149467,0.004477052984863886,0.03233277801801023,,
97,6,36036,2519,0.061855670103092786,0.0699023199023199,0.8848872281997029,0.0023818975784041284,1.0,9999,24,127,68,5.5,INSUFFICIENT_FOR_GATE,CRASH500,CRT_ATR,development,3.0,10,0.028654885715718267,0.1284378319616586,0.02040816326530612,0.1111111111111111,0.06756681823222802,0.07229778095919828,0.29395414231387823,1.5790933446131619,-0.04938646226862276,0.0406310872806116,,
256,19,36036,2519,0.07421875,0.0699023199023199,1.0617494541484715,0.007542675664946407,0.3952,9999,24,127,111,7.0,INSUFFICIENT_FOR_GATE,CRASH500,CRT_BB,development,3.0,10,0.048026107191811204,0.11300077054584494,0.04285436353529739,0.109375,0.06756681823222802,0.07229778095919828,0.6153623069939109,1.5629134130342452,-0.027021556233691544,0.039522902243267016,,
0,0,36036,2519,,0.0699023199023199,,0.0,1.0,0,24,127,0,,INSUFFICIENT_FOR_GATE,CRASH500,CRT_CANDLE_COMPRESSION,development,3.0,10,,,,,0.06756681823222802,0.07229778095919828,,,,,,
38,2,36036,2519,0.05263157894736842,0.0699023199023199,0.7529303608365893,0.0007939658594680428,1.0,9999,24,127,33,9.0,INSUFFICIENT_FOR_GATE,CRASH500,CRT_CANDLE_STRUCTURE,development,3.0,10,0.014554208147292413,0.17285462131770377,0.0,0.13157894736842105,0.06756681823222802,0.07229778095919828,0.0,1.8926025757981177,-0.07093121023961689,0.06223180743456508,,
36,5,36036,2519,0.1388888888888889,0.0699023199023199,1.9868995633187774,0.001984914648670107,0.108,9999,24,127,31,5.0,INSUFFICIENT_FOR_GATE,CRASH500,CRT_SR,development,3.0,10,0.06081815009132838,0.286595303893562,0.034482758620689655,0.2571428571428571,0.06756681823222802,0.07229778095919828,0.4908962950552082,3.667432362561792,-0.03558966213594162,0.18680655489469142,,
494,64,36036,3952,0.12955465587044535,0.10966810966810966,1.1813339015555082,0.016194331983805668,0.074,9999,24,127,125,8.0,ADEQUATE_FOR_RESEARCH_GATE,CRASH500,CRT,development,3.0,15,0.10277643458019867,0.1620497595519759,0.10240963855421686,0.15811608931613425,0.10635473701675792,0.11311186390060976,0.940607844117443,1.4343028189060822,-0.006396604993422736,0.04791527348970503,,
218,22,36036,3952,0.10091743119266056,0.10966810966810966,0.9202076291646548,0.005566801619433198,1.0,9999,24,127,101,7.5,INSUFFICIENT_FOR_GATE,CRASH500,CRT_MSS,development,3.0,15,0.0675923303258239,0.14806374710451128,0.06421773046165923,0.1407766990291262,0.10635473701675792,0.11311186390060976,0.5900467510179773,1.2723328824752433,-0.044635783004721354,0.030161874118772664,,
346,43,36036,3952,0.12427745664739884,0.10966810966810966,1.13321417706115,0.010880566801619434,0.1825,9999,24,127,116,8.0,ADEQUATE_FOR_RESEARCH_GATE,CRASH500,CRT_DISPLACEMENT,development,3.0,15,0.09358838512119193,0.16321782396433837,0.09281437125748503,0.15692307692307692,0.10635473701675792,0.11311186390060976,0.8493382321152905,1.4233471977601049,-0.016495249389502212,0.046673454451538705,,
195,22,36036,3952,0.11282051282051282,0.10966810966810966,1.028744939271255,0.005566801619433198,0.4252,9999,24,127,97,7.5,INSUFFICIENT_FOR_GATE,CRASH500,CRT_MSS_DISPLACEMENT,development,3.0,15,0.075695029875844,0.1649059952043195,0.07216494845360824,0.1564245810055866,0.10635473701675792,0.11311186390060976,0.6604616750371616,1.4186207214193933,-0.037093492765944557,0.04616446312110685,,
84,9,36036,3952,0.10714285714285714,0.10966810966810966,0.9769736842105263,0.002277327935222672,1.0,9999,24,127,57,5.0,INSUFFICIENT_FOR_GATE,CRASH500,CRT_MSS_DISPLACEMENT_FVG,development,3.0,15,0.057400212876644804,0.19124614516344507,0.046511627906976744,0.16924380704041703,0.10635473701675792,0.11311186390060976,0.4230418862359309,1.5567264041876776,-0.06356889361372635,0.06060272743974801,,
3004,367,36036,3952,0.12217043941411451,0.10966810966810966,1.1140015067629125,0.09286437246963562,0.0049,9999,24,127,127,8.0,ADEQUATE_FOR_RESEARCH_GATE,CRASH500,ATR_COMPRESSION,development,3.0,15,0.11093972776322943,0.13436623962974112,0.11191757849938933,0.13258742345950517,0.10635473701675792,0.11311186390060976,1.0286223819145077,1.2006064691720997,0.003151854499176581,0.0220090150982887,,
2660,285,36036,3952,0.10714285714285714,0.10966810966810966,0.9769736842105263,0.07211538461538461,1.0,9999,24,127,127,9.0,ADEQUATE_FOR_RESEARCH_GATE,CRASH500,BB_SQUEEZE,development,3.0,15,0.09595036677116939,0.11946840633957673,0.095874460225373,0.1183675755589764,0.10635473701675792,0.11311186390060976,0.8790695760446,1.076584710314596,-0.013257100934383753,0.008381025360473728,,
1,0,36036,3952,0.0,0.10966810966810966,0.0,0.0,1.0,6382,24,127,1,,INSUFFICIENT_FOR_GATE,CRASH500,CANDLE_COMPRESSION,development,3.0,15,0.0,0.7934506856227626,0.0,0.0,0.10635473701675792,0.11311186390060976,0.0,0.0,-0.11298351291674909,-0.10634925264035919,,
1041,121,36036,3952,0.11623439000960614,0.10966810966810966,1.0598741089033823,0.030617408906882592,0.252,9999,24,127,127,9.0,ADEQUATE_FOR_RESEARCH_GATE,CRASH500,CANDLE_STRUCTURE,development,3.0,15,0.09816034235440135,0.1371303390645517,0.09659063192904656,0.1368020155356303,0.10635473701675792,0.11311186390060976,0.8819273790479946,1.2453100448220167,-0.013023996010304968,0.026839360063584197,,
1542,230,36036,3952,0.14915693904020752,0.10966810966810966,1.3600757730903132,0.05819838056680162,0.0001,9999,24,127,127,8.0,ADEQUATE_FOR_RESEARCH_GATE,CRASH500,SR_ALIGNMENT,development,3.0,15,0.13224866796460183,0.16780891955446614,0.13260423444827246,0.16633138846438686,0.10635473701675792,0.11311186390060976,1.2187736989430344,1.5084031224342969,0.023818531447477607,0.055938186586882085,,
1250,167,36036,3952,0.1336,0.10966810966810966,1.2182210526315789,0.04225708502024292,0.0026,9999,24,127,127,8.0,ADEQUATE_FOR_RESEARCH_GATE,CRASH500,ATR_BB_COMPRESSION,development,3.0,15,0.11585744328110904,0.1535876739177211,0.1174151302754049,0.15034722620540503,0.10635473701675792,0.11311186390060976,1.07576210242724,1.368511858270529,0.00831304468138282,0.04038157905933057,,
97,9,36036,3952,0.09278350515463918,0.10966810966810966,0.8460390667390125,0.002277327935222672,1.0,9999,24,127,68,8.0,INSUFFICIENT_FOR_GATE,CRASH500,CRT_ATR,development,3.0,15,0.04958321848144811,0.1670088367716433,0.042105263157894736,0.14893617021276595,0.10635473701675792,0.11311186390060976,0.38554548107826797,1.3561604454452971,-0.0672685448089148,0.03911623307153151,,
256,30,36036,3952,0.1171875,0.10966810966810966,1.0685649671052633,0.0075910931174089065,0.349,9999,24,127,111,9.0,ADEQUATE_FOR_RESEARCH_GATE,CRASH500,CRT_BB,development,3.0,15,0.08333128838163656,0.16236260169442127,0.07627118644067797,0.16116368968275116,0.10635473701675792,0.11311186390060976,0.6973769283617073,1.4632803050501888,-0.033185596292888135,0.050860302527085996,,
0,0,36036,3952,,0.10966810966810966,,0.0,1.0,0,24,127,0,,INSUFFICIENT_FOR_GATE,CRASH500,CRT_CANDLE_COMPRESSION,development,3.0,15,,,,,0.10635473701675792,0.11311186390060976,,,,,,
38,3,36036,3952,0.07894736842105263,0.10966810966810966,0.7198753462603878,0.0007591093117408907,1.0,9999,24,127,33,10.0,INSUFFICIENT_FOR_GATE,CRASH500,CRT_CANDLE_STRUCTURE,development,3.0,15,0.02721459550698771,0.20799371457771457,0.0,0.16666666666666666,0.10635473701675792,0.11311186390060976,0.0,1.530157923860078,-0.10932007908611599,0.05809837628464088,,
36,7,36036,3952,0.19444444444444445,0.10966810966810966,1.7730263157894737,0.001771255060728745,0.1226,9999,24,127,31,7.0,INSUFFICIENT_FOR_GATE,CRASH500,CRT_SR,development,3.0,15,0.09753095418928728,0.3502804299517739,0.0625,0.34782608695652173,0.10635473701675792,0.11311186390060976,0.5629233931398845,3.159830088015778,-0.04799163073708836,0.2386428193380254,,
494,108,36036,7468,0.21862348178137653,0.20723720723720723,1.0549431962337552,0.0144617032672737,0.2651,9999,24,127,125,13.0,ADEQUATE_FOR_RESEARCH_GATE,CRASH500,CRT,development,3.0,30,0.18442355705136304,0.25716573794520675,0.1820038854805726,0.25615008128979805,0.20089089457058343,0.21387415996886863,0.8853903540842458,1.2269299313569393,-0.023598633672619496,0.04719190254544562,,
218,41,36036,7468,0.18807339449541285,0.20723720723720723,0.9075271617617432,0.00549009105516872,1.0,9999,24,127,101,14.0,ADEQUATE_FOR_RESEARCH_GATE,CRASH500,CRT_MSS,development,3.0,30,0.14176990341495263,0.2451796743466886,0.13089005235602094,0.24630898836296133,0.20089089457058343,0.21387415996886863,0.6353972770078181,1.179000047294826,-0.0752527737073032,0.03753187732544879,,
346,75,36036,7468,0.21676300578034682,0.20723720723720723,1.0459656770622092,0.010042849491162293,0.339,9999,24,127,116,13.0,ADEQUATE_FOR_RESEARCH_GATE,CRASH500,CRT_DISPLACEMENT,development,3.0,30,0.17658432428432574,0.26316189487245867,0.16976086387005926,0.26488193787448755,0.20089089457058343,0.21387415996886863,0.8260511764967694,1.2701631941356684,-0.036037606770695514,0.056084037865245524,,
195,39,36036,7468,0.2,0.20723720723720723,0.9650776647027317,0.005222281735404392,1.0,9999,24,127,97,14.0,INSUFFICIENT_FOR_GATE,CRASH500,CRT_MSS_DISPLACEMENT,development,3.0,30,0.1498970710325575,0.26169445171167516,0.14012101910828026,0.26067381001442397,0.20089089457058343,0.21387415996886863,0.6829140490110402,1.2527613471183097,-0.06519885863951733,0.05215673067017886,,
84,17,36036,7468,0.20238095238095238,0.20723720723720723,0.9765666845206213,0.0022763792179967862,1.0,9999,24,127,57,14.0,INSUFFICIENT_FOR_GATE,CRASH500,CRT_MSS_DISPLACEMENT_FVG,development,3.0,30,0.130374567896324,0.30041812758859254,0.12162162162162163,0.2842201834862384,0.20089089457058343,0.21387415996886863,0.5845593386801341,1.3760808140424508,-0.08619632007861337,0.07738761732007485,,
3004,666,36036,7468,0.22170439414114515,0.20723720723720723,1.0698097947603518,0.08918050348152115,0.0128,9999,24,127,127,14.0,ADEQUATE_FOR_RESEARCH_GATE,CRASH500,ATR_COMPRESSION,development,3.0,30,0.20721056942754112,0.23690906822930768,0.20735321094137826,0.2362179731709948,0.20089089457058343,0.21387415996886863,1.0096690969460056,1.1308732413392615,0.002029154454356512,0.02702544951808457,,
2660,570,36036,7468,0.21428571428571427,0.20723720723720723,1.0340117836100695,0.07632565613283342,0.1353,9999,24,127,127,15.5,ADEQUATE_FOR_RESEARCH_GATE,CRASH500,BB_SQUEEZE,development,3.0,30,0.19911030223567808,0.2302851691175918,0.199469742703436,0.22951562951622226,0.20089089457058343,0.21387415996886863,0.9739257972484395,1.095409937618193,-0.005381837251342746,0.019849202516796883,,
1,0,36036,7468,0.0,0.20723720723720723,0.0,0.0,1.0,6382,24,127,1,,INSUFFICIENT_FOR_GATE,CRASH500,CANDLE_COMPRESSION,development,3.0,30,0.0,0.7934506856227626,0.0,0.0,0.20089089457058343,0.21387415996886863,0.0,0.0,-0.2138376437934518,-0.20085048010973938,,
1041,219,36036,7468,0.21037463976945245,0.20723720723720723,1.015139330306908,0.029325120514193895,0.3988,9999,24,127,127,14.0,ADEQUATE_FOR_RESEARCH_GATE,CRASH500,CANDLE_STRUCTURE,development,3.0,30,0.18670327977096934,0.236175670035825,0.18455724990413805,0.23631137066408633,0.20089089457058343,0.21387415996886863,0.8937400913255223,1.1378781598312973,-0.02197718447246007,0.02843136025278617,,
1542,414,36036,7468,0.26848249027237353,0.20723720723720723,1.2955322736281807,0.055436529191215854,0.0001,9999,24,127,127,13.0,ADEQUATE_FOR_RESEARCH_GATE,CRASH500,SR_ALIGNMENT,development,3.0,30,0.24695828034738843,0.29115735503950113,0.24758189245047818,0.28947453255963895,0.20089089457058343,0.21387415996886863,1.204850916297563,1.3848026337844404,0.04236899073486058,0.08011554152616504,,
1250,302,36036,7468,0.2416,0.20723720723720723,1.1658138189609,0.0404392072844135,0.0004,9999,24,127,127,14.0,ADEQUATE_FOR_RESEARCH_GATE,CRASH500,ATR_BB_COMPRESSION,development,3.0,30,0.2186852134726681,0.26609813337279514,0.2199992254066615,0.2639115472116469,0.20089089457058343,0.21387415996886863,1.0699531410270318,1.2657445832054537,0.014411476184478304,0.05514759548591585,,
97,19,36036,7468,0.1958762886597938,0.20723720723720723,0.9451791561521599,0.002544188537761114,1.0,9999,24,127,68,17.0,INSUFFICIENT_FOR_GATE,CRASH500,CRT_ATR,development,3.0,30,0.1291394035682155,0.28578377693725776,0.125,0.2700135135135133,0.20089089457058343,0.21387415996886863,0.6011339665257904,1.3089517824879018,-0.08312560095133925,0.06351143904536387,,
256,63,36036,7468,0.24609375,0.20723720723720723,1.1874979077396894,0.008435993572576326,0.0915,9999,24,127,111,18.0,ADEQUATE_FOR_RESEARCH_GATE,CRASH500,CRT_BB,development,3.0,30,0.19734067215723067,0.3023542549340322,0.1895910780669145,0.30488237329181794,0.20089089457058343,0.21387415996886863,0.9218740539130652,1.4570882920452917,-0.01612892985437528,0.09549088832635237,,
0,0,36036,7468,,0.20723720723720723,,0.0,1.0,0,24,127,0,,INSUFFICIENT_FOR_GATE,CRASH500,CRT_CANDLE_COMPRESSION,development,3.0,30,,,,,0.20089089457058343,0.21387415996886863,,,,,,
38,7,36036,7468,0.18421052631578946,0.20723720723720723,0.8888873227525159,0.0009373326191751473,1.0,9999,24,127,33,18.0,INSUFFICIENT_FOR_GATE,CRASH500,CRT_CANDLE_STRUCTURE,development,3.0,30,0.09221765185221271,0.334188580711314,0.07407407407407407,0.3,0.20089089457058343,0.21387415996886863,0.35855070920321436,1.4357073173383348,-0.13332233857378295,0.0904001203960041,,
36,10,36036,7468,0.2777777777777778,0.20723720723720723,1.3403856454204608,0.001339046598821639,0.1677,9999,24,127,31,9.5,INSUFFICIENT_FOR_GATE,CRASH500,CRT_SR,development,3.0,30,0.1584833794013461,0.43992489997397105,0.13333333333333333,0.42857142857142855,0.20089089457058343,0.21387415996886863,0.6374068783263597,2.070983565092403,-0.07490244706768351,0.2223314589862454,,
216,27,15546,2081,0.125,0.13386080020584074,0.933805862566074,0.012974531475252283,1.0,9999,24,55,52,3.0,INSUFFICIENT_FOR_GATE,CRASH500,CRT,final_test,1.5,5,0.08734711096128595,0.17575821562713728,0.08636363636363636,0.16814360418342716,0.1308710188620903,0.13694841116685963,0.6461078584391748,1.2539601391424366,-0.04748623923161318,0.03401649819135241,1.0,False
88,11,15546,2081,0.125,0.13386080020584074,0.933805862566074,0.005285920230658337,1.0,9999,24,55,41,2.0,INSUFFICIENT_FOR_GATE,CRASH500,CRT_MSS,final_test,1.5,5,0.07125274152192247,0.21011755847674674,0.05952380952380952,0.2,0.1308710188620903,0.13694841116685963,0.44392276872172276,1.4869835557485918,-0.07404048031587473,0.06549222505391344,1.0,False
145,17,15546,2081,0.11724137931034483,0.13386080020584074,0.8758454986826625,0.008169149447381067,1.0,9999,24,55,46,2.0,INSUFFICIENT_FOR_GATE,CRASH500,CRT_DISPLACEMENT,final_test,1.5,5,0.07450140916333522,0.17973863336595,0.0687476145038168,0.17218543046357615,0.1308710188620903,0.13694841116685963,0.5124884415517211,1.2862762754861026,-0.06539577006373454,0.03847771921093433,1.0,False
81,11,15546,2081,0.13580246913580246,0.13386080020584074,1.0145051346396852,0.005285920230658337,0.4703,9999,24,55,39,2.0,INSUFFICIENT_FOR_GATE,CRASH500,CRT_MSS_DISPLACEMENT,final_test,1.5,5,0.07755463441730516,0.22703063768778736,0.06520327498588369,0.2159090909090909,0.1308710188620903,0.13694841116685963,0.4876791656742108,1.6072228937633428,-0.06893691818971233,0.08166726689600118,1.0,False
28,5,15546,2081,0.17857142857142858,0.13386080020584074,1.3340083750943914,0.002402691013935608,0.2578,9999,24,55,22,3.0,INSUFFICIENT_FOR_GATE,CRASH500,CRT_MSS_DISPLACEMENT_FVG,final_test,1.5,5,0.07878501945604277,0.35591424789342946,0.047619047619047616,0.3333333333333333,0.1308710188620903,0.13694841116685963,0.3540300822693342,2.459532173067411,-0.08691421111775895,0.19731590254265488,1.0,False
1293,199,15546,2081,0.15390564578499613,0.13386080020584074,1.1497439545283756,0.0956271023546372,0.0274,9999,24,55,55,3.0,ADEQUATE_FOR_RESEARCH_GATE,CRASH500,ATR_COMPRESSION,final_test,1.5,5,0.13526410304269731,0.1745975659280925,0.1332299935167266,0.17492125662347424,0.1308710188620903,0.13694841116685963,0.9985309051695854,1.301752251564151,-0.000197137351373912,0.040538076121416106,1.0,False
1156,158,15546,2081,0.13667820069204153,0.13386080020584074,1.0210472407296864,0.07592503604036521,0.3761,9999,24,55,55,3.0,ADEQUATE_FOR_RESEARCH_GATE,CRASH500,BB_SQUEEZE,final_test,1.5,5,0.11807595006597638,0.1576871349559224,0.11759788935611268,0.15603477204350844,0.1308710188620903,0.13694841116685963,0.8854337229930194,1.1574885302935083,-0.015276240589684966,0.021232097155299272,1.0,False
0,0,15546,2081,,0.13386080020584074,,0.0,1.0,0,24,55,0,,INSUFFICIENT_FOR_GATE,CRASH500,CANDLE_COMPRESSION,final_test,1.5,5,,,,,0.1308710188620903,0.13694841116685963,,,,,1.0,False
492,47,15546,2081,0.09552845528455285,0.13386080020584074,0.713640252692772,0.022585295530994715,1.0,9999,24,55,55,2.0,ADEQUATE_FOR_RESEARCH_GATE,CRASH500,CANDLE_STRUCTURE,final_test,1.5,5,0.07260034108910333,0.12472373716244019,0.07099391480730223,0.12195121951219512,0.1308710188620903,0.13694841116685963,0.5301611192253214,0.9096727491141239,-0.06295797444375045,-0.012174106307030455,1.0,False
639,113,15546,2081,0.17683881064162754,0.13386080020584074,1.321064944850909,0.05430081691494474,0.0015,9999,24,55,55,3.0,ADEQUATE_FOR_RESEARCH_GATE,CRASH500,SR_ALIGNMENT,final_test,1.5,5,0.14921321364337392,0.2083266675620838,0.14960629921259844,0.20447308187497018,0.1308710188620903,0.13694841116685963,1.1171403375582747,1.5268648079101175,0.01577101106579942,0.07055966338639122,0.5565,False
535,86,15546,2081,0.16074766355140188,0.13386080020584074,1.2008568849447832,0.04132628543969245,0.0528,9999,24,55,55,3.0,ADEQUATE_FOR_RESEARCH_GATE,CRASH500,ATR_BB_COMPRESSION,final_test,1.5,5,0.13205960565985397,0.1942728543656606,0.128971777184394,0.19343944176443728,0.1308710188620903,0.13694841116685963,0.9638768496947927,1.4468776223714719,-0.004800368555652513,0.059585364684203834,1.0,False
43,6,15546,2081,0.13953488372093023,0.13386080020584074,1.0423879396086406,0.0028832292167227293,0.4379,9999,24,55,30,2.5,INSUFFICIENT_FOR_GATE,CRASH500,CRT_ATR,final_test,1.5,5,0.06555723427964878,0.2726358796738286,0.046511627906976744,0.2558139534883721,0.1308710188620903,0.13694841116685963,0.3473252759731075,1.8910533761900221,-0.08732779098703818,0.1205725265191948,1.0,False
110,13,15546,2081,0.11818181818181818,0.13386080020584074,0.8828709973351971,0.006246996636232581,1.0,9999,24,55,49,3.0,INSUFFICIENT_FOR_GATE,CRASH500,CRT_BB,final_test,1.5,5,0.07038128226926789,0.19175045014023934,0.06481481481481481,0.18095238095238095,0.1308710188620903,0.13694841116685963,0.48623448941630754,1.349052351776915,-0.06852708876374325,0.04680642193907094,1.0,False
0,0,15546,2081,,0.13386080020584074,,0.0,1.0,0,24,55,0,,INSUFFICIENT_FOR_GATE,CRASH500,CRT_CANDLE_COMPRESSION,final_test,1.5,5,,,,,0.1308710188620903,0.13694841116685963,,,,,1.0,False
22,5,15546,2081,0.22727272727272727,0.13386080020584074,1.6978288410292253,0.002402691013935608,0.1405,9999,24,55,20,3.0,INSUFFICIENT_FOR_GATE,CRASH500,CRT_CANDLE_STRUCTURE,final_test,1.5,5,0.10123039985248516,0.4343995317522171,0.058823529411764705,0.4090909090909091,0.1308710188620903,0.13694841116685963,0.4386542892036469,3.042948247512164,-0.07526639417599035,0.2753528145613188,1.0,False
18,2,15546,2081,0.1111111111111111,0.13386080020584074,0.8300496556142879,0.0009610764055742432,1.0,9999,24,55,13,2.5,INSUFFICIENT_FOR_GATE,CRASH500,CRT_SR,final_test,1.5,5,0.03101952264561239,0.32799765130178804,0.0,0.3076923076923077,0.1308710188620903,0.13694841116685963,0.0,2.296035228792824,-0.13478925251496243,0.17474502679859824,1.0,False
216,42,15546,3555,0.19444444444444445,0.22867618680046314,0.8503047351148617,0.01181434599156118,1.0,9999,24,55,52,4.5,ADEQUATE_FOR_RESEARCH_GATE,CRASH500,CRT,final_test,1.5,10,0.147195393107006,0.25237191003911663,0.14893617021276595,0.24138763951357645,0.22340151807538916,0.23405698111045284,0.6526740607033428,1.0547280558384942,-0.07914857191497103,0.01257459498548043,1.0,False
88,17,15546,3555,0.19318181818181818,0.22867618680046314,0.844783275795934,0.004781997187060478,1.0,9999,24,55,41,4.0,INSUFFICIENT_FOR_GATE,CRASH500,CRT_MSS,final_test,1.5,10,0.12425957732106706,0.2877706681323895,0.1125,0.28409688995215304,0.22340151807538916,0.23405698111045284,0.48949526058554466,1.244459479616006,-0.11714925098496456,0.05575927442161935,1.0,False
145,30,15546,3555,0.20689655172413793,0.22867618680046314,0.9047577477084242,0.008438818565400843,1.0,9999,24,55,46,4.5,INSUFFICIENT_FOR_GATE,CRASH500,CRT_DISPLACEMENT,final_test,1.5,10,0.14894605797953792,0.27997649711045525,0.14189189189189189,0.2770310973624226,0.22340151807538916,0.23405698111045284,0.6188860990474534,1.2157228237171298,-0.08736389093196247,0.049097070949987304,1.0,False
81,17,15546,3555,0.20987654320987653,0.22867618680046314,0.9177892379017554,0.004781997187060478,1.0,9999,24,55,39,4.0,INSUFFICIENT_FOR_GATE,CRASH500,CRT_MSS_DISPLACEMENT,final_test,1.5,10,0.13537173606133143,0.3106538196834032,0.12345679012345678,0.3058943577430971,0.22340151807538916,0.23405698111045284,0.5398250889907062,1.3476792747123392,-0.10564864060102155,0.07883667899304825,1.0,False
28,7,15546,3555,0.25,0.22867618680046314,1.0932489451476792,0.001969057665260197,0.3678,9999,24,55,22,3.0,INSUFFICIENT_FOR_GATE,CRASH500,CRT_MSS_DISPLACEMENT_FVG,final_test,1.5,10,0.12676494919293313,0.4335567031899896,0.10526315789473684,0.4,0.22340151807538916,0.23405698111045284,0.45868453725200814,1.7450919659169855,-0.12409770587752365,0.16889748537008367,1.0,False
1293,340,15546,3555,0.262954369682908,0.22867618680046314,1.1498983491112482,0.09563994374120956,0.0006,9999,24,55,55,5.0,ADEQUATE_FOR_RESEARCH_GATE,CRASH500,ATR_COMPRESSION,final_test,1.5,10,0.23968596365038314,0.2876271124156438,0.24097283955287396,0.2848401220522969,0.22340151807538916,0.23405698111045284,1.0601232514365755,1.239150578586858,0.013731121551795024,0.05478226680657257,0.22379999999999997,False
1156,273,15546,3555,0.23615916955017302,0.22867618680046314,1.0327230519907145,0.07679324894514768,0.2768,9999,24,55,55,5.0,ADEQUATE_FOR_RESEARCH_GATE,CRASH500,BB_SQUEEZE,final_test,1.5,10,0.21257451571470423,0.26149153412262705,0.20966203681491788,0.2632531169035215,0.22340151807538916,0.23405698111045284,0.924696194994853,1.1407355577599654,-0.017165237494156483,0.03241069099331371,1.0,False
0,0,15546,3555,,0.22867618680046314,,0.0,1.0,0,24,55,0,,INSUFFICIENT_FOR_GATE,CRASH500,CANDLE_COMPRESSION,final_test,1.5,10,,,,,0.22340151807538916,0.23405698111045284,,,,,1.0,False
492,91,15546,3555,0.18495934959349594,0.22867618680046314,0.8088264553531611,0.02559774964838256,1.0,9999,24,55,55,5.0,ADEQUATE_FOR_RESEARCH_GATE,CRASH500,CANDLE_STRUCTURE,final_test,1.5,10,0.15313835428689362,0.22166180716531367,0.149604616730601,0.2202020202020202,0.22340151807538916,0.23405698111045284,0.6578738400770353,0.9599407432567609,-0.07794792404204191,-0.009255438067569477,1.0,False
639,188,15546,3555,0.2942097026604069,0.22867618680046314,1.286577788342809,0.05288326300984529,0.0001,9999,24,55,55,5.0,ADEQUATE_FOR_RESEARCH_GATE,CRASH500,SR_ALIGNMENT,final_test,1.5,10,0.2601920629326086,0.33068684446941415,0.2624,0.327788399025906,0.22340151807538916,0.23405698111045284,1.1479573423619158,1.4297487531776898,0.03385773124838065,0.0982714586285489,0.038400000000000004,True
535,155,15546,3555,0.2897196261682243,0.22867618680046314,1.2669427027879647,0.04360056258790436,0.0005,9999,24,55,55,5.0,ADEQUATE_FOR_RESEARCH_GATE,CRASH500,ATR_BB_COMPRESSION,final_test,1.5,10,0.2528874115417046,0.3295500636807218,0.2549712670378603,0.3250044169611307,0.22340151807538916,0.23405698111045284,1.1178864018274293,1.4222418415143723,0.02700271442364187,0.09618367169885182,0.187,False
43,9,15546,3555,0.20930232558139536,0.22867618680046314,0.9152781866352665,0.002531645569620253,1.0,9999,24,55,30,4.0,INSUFFICIENT_FOR_GATE,CRASH500,CRT_ATR,final_test,1.5,10,0.11422834220995602,0.3520564271073644,0.1,0.3333333333333333,0.22340151807538916,0.23405698111045284,0.4379103884434615,1.4418359022594411,-0.12779158115001454,0.10208337353660102,1.0,False
110,23,15546,3555,0.20909090909090908,0.22867618680046314,0.9143536632144227,0.006469760900140647,1.0,9999,24,55,49,5.0,INSUFFICIENT_FOR_GATE,CRASH500,CRT_BB,final_test,1.5,10,0.14356370862133006,0.2942509446430563,0.13861386138613863,0.2857142857142857,0.22340151807538916,0.23405698111045284,0.6072131737828743,1.2502655725208005,-0.08961496133002789,0.05724013881839496,1.0,False
0,0,15546,3555,,0.22867618680046314,,0.0,1.0,0,24,55,0,,INSUFFICIENT_FOR_GATE,CRASH500,CRT_CANDLE_COMPRESSION,final_test,1.5,10,,,,,0.22340151807538916,0.23405698111045284,,,,,1.0,False
22,5,15546,3555,0.22727272727272727,0.22867618680046314,0.9938626774069812,0.0014064697609001407,1.0,9999,24,55,20,3.0,INSUFFICIENT_FOR_GATE,CRASH500,CRT_CANDLE_STRUCTURE,final_test,1.5,10,0.10123039985248516,0.4343995317522171,0.058823529411764705,0.4090909090909091,0.22340151807538916,0.23405698111045284,0.25508891389441446,1.7861065546646742,-0.16992702834465165,0.18047744825411619,1.0,False
18,2,15546,3555,0.1111111111111111,0.22867618680046314,0.4858884200656352,0.0005625879043600563,1.0,9999,24,55,13,2.5,INSUFFICIENT_FOR_GATE,CRASH500,CRT_SR,final_test,1.5,10,0.03101952264561239,0.32799765130178804,0.0,0.3076923076923077,0.22340151807538916,0.23405698111045284,0.0,1.3425269403959077,-0.2299875420262955,0.07870608790391145,1.0,False
216,51,15546,4638,0.2361111111111111,0.29834040910845233,0.7914151214603996,0.010996119016817595,1.0,9999,24,55,52,5.0,ADEQUATE_FOR_RESEARCH_GATE,CRASH500,CRT,final_test,1.5,15,0.18439394019453026,0.297050548886212,0.1813953488372093,0.2922374429223744,0.2909090909090909,0.3056701432275292,0.6084649327880868,0.9783025387106482,-0.11680370154403871,-0.006442373359444417,1.0,False
88,19,15546,4638,0.2159090909090909,0.29834040910845233,0.7237004586616489,0.004096593359206554,1.0,9999,24,55,41,4.0,INSUFFICIENT_FOR_GATE,CRASH500,CRT_MSS,final_test,1.5,15,0.1428082469491878,0.3127753136558646,0.13580246913580246,0.30773322422258537,0.2909090909090909,0.3056701432275292,0.45271861862711443,1.0339970993735914,-0.16355962196857085,0.010155758180918338,1.0,False
145,38,15546,4638,0.2620689655172414,0.29834040910845233,0.8784226256858635,0.008193186718413108,1.0,9999,24,55,46,6.5,INSUFFICIENT_FOR_GATE,CRASH500,CRT_DISPLACEMENT,final_test,1.5,15,0.1972950493927227,0.33912443650386004,0.1893939393939394,0.34147098924405384,0.2909090909090909,0.3056701432275292,0.6336789179485547,1.1467611201371306,-0.10957944701138513,0.043773394855825584,1.0,False
81,19,15546,4638,0.2345679012345679,0.29834040910845233,0.7862424736077173,0.004096593359206554,1.0,9999,24,55,39,4.0,INSUFFICIENT_FOR_GATE,CRASH500,CRT_MSS_DISPLACEMENT,final_test,1.5,15,0.15562502050560217,0.33754729645234655,0.1499712643678161,0.32967032967032966,0.2909090909090909,0.3056701432275292,0.4976387910450489,1.10892026925785,-0.15010988919545656,0.032620447080000475,1.0,False
28,7,15546,4638,0.25,0.29834040910845233,0.8379689521345408,0.001509271237602415,1.0,9999,24,55,22,3.0,INSUFFICIENT_FOR_GATE,CRASH500,CRT_MSS_DISPLACEMENT_FVG,final_test,1.5,15,0.12676494919293313,0.4335567031899896,0.10526315789473684,0.4,0.2909090909090909,0.3056701432275292,0.3525142460891645,1.337004538091002,-0.19379989913070267,0.10019456612305641,1.0,False
1293,411,15546,4638,0.31786542923433875,0.29834040910845233,1.0654454426211795,0.08861578266494179,0.054,9999,24,55,55,6.0,ADEQUATE_FOR_RESEARCH_GATE,CRASH500,ATR_COMPRESSION,final_test,1.5,15,0.29305600720428837,0.3437538766898367,0.29173160954003247,0.34356064544792836,0.2909090909090909,0.3056701432275292,0.9847996945015551,1.1435726839874578,-0.004526659222198959,0.04298612960146004,1.0,False
1156,356,15546,4638,0.3079584775086505,0.29834040910845233,1.0322385707954898,0.07675722294092281,0.2116,9999,24,55,55,6.0,ADEQUATE_FOR_RESEARCH_GATE,CRASH500,BB_SQUEEZE,final_test,1.5,15,0.28201879024069515,0.3351702689851657,0.2823119067986476,0.33418803418803417,0.2909090909090909,0.3056701432275292,0.9536664205700868,1.1115380310083338,-0.013808596929625688,0.033285411554692335,1.0,False
0,0,15546,4638,,0.29834040910845233,,0.0,1.0,0,24,55,0,,INSUFFICIENT_FOR_GATE,CRASH500,CANDLE_COMPRESSION,final_test,1.5,15,,,,,0.2909090909090909,0.3056701432275292,,,,,1.0,False
492,143,15546,4638,0.29065040650406504,0.29834040910845233,0.9742240663027588,0.03083225528244933,1.0,9999,24,55,55,8.0,ADEQUATE_FOR_RESEARCH_GATE,CRASH500,CANDLE_STRUCTURE,final_test,1.5,15,0.252273266283319,0.3322713571333091,0.24801587301587302,0.3346774193548387,0.2909090909090909,0.3056701432275292,0.83762096715342,1.1133037469946845,-0.04813283938131883,0.034015456660946256,1.0,False
639,247,15546,4638,0.3865414710485133,0.29834040910845233,1.2956390058042664,0.053255713669685206,0.0001,9999,24,55,55,6.0,ADEQUATE_FOR_RESEARCH_GATE,CRASH500,SR_ALIGNMENT,final_test,1.5,15,0.3495701420684121,0.4248687992749084,0.35147522102512496,0.4207440763745111,0.2909090909090909,0.3056701432275292,1.17557785760198,1.4162593695922219,0.052715068654298314,0.12336065024180716,0.038400000000000004,True
535,192,15546,4638,0.35887850467289717,0.29834040910845233,1.2029161780174342,0.04139715394566624,0.0003,9999,24,55,55,6.0,ADEQUATE_FOR_RESEARCH_GATE,CRASH500,ATR_BB_COMPRESSION,final_test,1.5,15,0.3193714788197101,0.40039767121845155,0.3251856602754523,0.391304347826087,0.2909090909090909,0.3056701432275292,1.0912631780301705,1.3129959353427503,0.02736418720488563,0.09316326230046885,0.11279999999999998,False
43,10,15546,4638,0.23255813953488372,0.29834040910845233,0.7795060019856193,0.0021561017680034496,1.0,9999,24,55,30,4.5,INSUFFICIENT_FOR_GATE,CRASH500,CRT_ATR,final_test,1.5,15,0.1315367847938448,0.37744520297809003,0.10810810810810811,0.36670068027210834,0.2909090909090909,0.3056701432275292,0.3635275352032767,1.2236770909993615,-0.18884126428239958,0.06702277398695845,1.0,False
110,28,15546,4638,0.2545454545454545,0.29834040910845233,0.8532047512642595,0.00603708495040966,1.0,9999,24,55,49,6.0,INSUFFICIENT_FOR_GATE,CRASH500,CRT_BB,final_test,1.5,15,0.182381907512531,0.34327420617929494,0.17857142857142858,0.3333333333333333,0.2909090909090909,0.3056701432275292,0.5991011489534972,1.1217819897824046,-0.11954890856277314,0.0363967792644585,1.0,False
0,0,15546,4638,,0.29834040910845233,,0.0,1.0,0,24,55,0,,INSUFFICIENT_FOR_GATE,CRASH500,CRT_CANDLE_COMPRESSION,final_test,1.5,15,,,,,0.2909090909090909,0.3056701432275292,,,,,1.0,False
22,6,15546,4638,0.2727272727272727,0.29834040910845233,0.9141479477831354,0.00129366106080207,1.0,9999,24,55,20,3.5,INSUFFICIENT_FOR_GATE,CRASH500,CRT_CANDLE_STRUCTURE,final_test,1.5,15,0.1315076028798947,0.4815173401240238,0.1,0.4666666666666667,0.2909090909090909,0.3056701432275292,0.3369575503783259,1.5549741024741581,-0.19797482574650493,0.16571019769783252,1.0,False
18,3,15546,4638,0.16666666666666666,0.29834040910845233,0.5586459680896938,0.000646830530401035,1.0,9999,24,55,13,4.0,INSUFFICIENT_FOR_GATE,CRASH500,CRT_SR,final_test,1.5,15,0.05836576805861446,0.39222038103915724,0.0,0.4,0.2909090909090909,0.3056701432275292,0.0,1.349025900863016,-0.2962123989801527,0.10382445612775373,1.0,False
216,86,15546,6634,0.39814814814814814,0.4267335649041554,0.9330134324858472,0.012963521254145313,1.0,9999,24,55,52,11.0,ADEQUATE_FOR_RESEARCH_GATE,CRASH500,CRT,final_test,1.5,30,0.33519504615136164,0.4646607215640126,0.3333333333333333,0.4644623159837268,0.4156373360499172,0.43732406312803723,0.7755035189742877,1.0930471576608136,-0.09667951309351491,0.03940465168678414,1.0,False
88,33,15546,6634,0.375,0.4267335649041554,0.8787684654808562,0.004974374434730178,1.0,9999,24,55,41,10.0,INSUFFICIENT_FOR_GATE,CRASH500,CRT_MSS,final_test,1.5,30,0.28107922931825335,0.47937753734796973,0.2765957446808511,0.4787234042553192,0.4156373360499172,0.43732406312803723,0.6454276477517861,1.122749698556506,-0.15256738821048826,0.0524072837242334,1.0,False
145,61,15546,6634,0.4206896551724138,0.4267335649041554,0.9858368072520869,0.009195055773289117,1.0,9999,24,55,46,11.0,INSUFFICIENT_FOR_GATE,CRASH500,CRT_DISPLACEMENT,final_test,1.5,30,0.343401130806072,0.5020720311594556,0.3418749323812615,0.503448275862069,0.4156373360499172,0.43732406312803723,0.7992756172904044,1.181379040598902,-0.08624231154488968,0.07701286401928882,1.0,False
81,32,15546,6634,0.3950617283950617,0.4267335649041554,0.9257807702185151,0.00482363581549593,1.0,9999,24,55,39,10.0,INSUFFICIENT_FOR_GATE,CRASH500,CRT_MSS_DISPLACEMENT,final_test,1.5,30,0.29568103807990187,0.5039452267639383,0.2966829466829467,0.5,0.4156373360499172,0.43732406312803723,0.6918970871950728,1.1703566197172062,-0.13149726444074583,0.07283297315741584,1.0,False
28,8,15546,6634,0.2857142857142857,0.4267335649041554,0.6695378784616046,0.0012059089538739825,1.0,9999,24,55,22,3.5,INSUFFICIENT_FOR_GATE,CRASH500,CRT_MSS_DISPLACEMENT_FVG,final_test,1.5,30,0.15253996056669092,0.4705928843329571,0.13636363636363635,0.4444444444444444,0.4156373360499172,0.43732406312803723,0.3183656259512709,1.0357900902037913,-0.2914399446200191,0.015464368154358882,1.0,False
1293,558,15546,6634,0.43155452436194897,0.4267335649041554,1.0112973523863218,0.08411214953271028,0.3289,9999,24,55,55,8.0,ADEQUATE_FOR_RESEARCH_GATE,CRASH500,ATR_COMPRESSION,final_test,1.5,30,0.4047997983912689,0.45871474396384815,0.40634920634920635,0.4563339241666353,0.4156373360499172,0.43732406312803723,0.9621218634962269,1.059772822778754,-0.01610107942394256,0.02558540173384222,1.0,False
1156,500,15546,6634,0.43252595155709345,0.4267335649041554,1.013573777947931,0.0753693096171239,0.2893,9999,24,55,55,9.0,ADEQUATE_FOR_RESEARCH_GATE,CRASH500,BB_SQUEEZE,final_test,1.5,30,0.4042365415695088,0.46126231707741544,0.40950594903283194,0.4557776592483216,0.4156373360499172,0.43732406312803723,0.9680220084010568,1.0603905244598169,-0.013596790943382633,0.02573374103018565,1.0,False
0,0,15546,6634,,0.4267335649041554,,0.0,1.0,0,24,55,0,,INSUFFICIENT_FOR_GATE,CRASH500,CANDLE_COMPRESSION,final_test,1.5,30,,,,,0.4156373360499172,0.43732406312803723,,,,,1.0,False
492,206,15546,6634,0.4186991869918699,0.4267335649041554,0.9811723788024735,0.03105215556225505,1.0,9999,24,55,55,12.0,ADEQUATE_FOR_RESEARCH_GATE,CRASH500,CANDLE_STRUCTURE,final_test,1.5,30,0.37590064811176394,0.4627574580694508,0.3719512195121951,0.4647887323943662,0.4156373360499172,0.43732406312803723,0.8777197790257046,1.0820857996103035,-0.05195358724688332,0.03504816763222359,1.0,False
639,320,15546,6634,0.5007824726134585,0.4267335649041554,1.1735249199953008,0.0482363581549593,0.0001,9999,24,55,55,9.0,ADEQUATE_FOR_RESEARCH_GATE,CRASH500,SR_ALIGNMENT,final_test,1.5,30,0.462126361285303,0.5394292322226742,0.4679472131936921,0.5313479623824452,0.4156373360499172,0.43732406312803723,1.09451074419091,1.2493598740828507,0.040307861638334254,0.10538296525925193,0.038400000000000004,True
535,256,15546,6634,0.4785046728971963,0.4267335649041554,1.1213195123394353,0.03858908652396744,0.0049,9999,24,55,55,9.0,ADEQUATE_FOR_RESEARCH_GATE,CRASH500,ATR_BB_COMPRESSION,final_test,1.5,30,0.4364796458374709,0.5208361849630438,0.439622641509434,0.5187977369165488,0.4156373360499172,0.43732406312803723,1.0340466562326291,1.2103472450252661,0.014508309894359157,0.09002108430972075,1.0,False
43,16,15546,6634,0.37209302325581395,0.4267335649041554,0.8719563068337177,0.002411817907747965,1.0,9999,24,55,30,9.0,INSUFFICIENT_FOR_GATE,CRASH500,CRT_ATR,final_test,1.5,30,0.2437633900965057,0.5214019084031153,0.2,0.5435770750988128,0.4156373360499172,0.43732406312803723,0.47362164097833925,1.2696223550896537,-0.22435537220723148,0.11449500811582859,1.0,False
110,44,15546,6634,0.4,0.4267335649041554,0.9373530298462466,0.006632499246306904,1.0,9999,24,55,49,10.0,INSUFFICIENT_FOR_GATE,CRASH500,CRT_BB,final_test,1.5,30,0.3133192381901388,0.49342954886949403,0.3113207547169811,0.49,0.4156373360499172,0.43732406312803723,0.7251468617522334,1.1512131335891564,-0.11768241217098896,0.06460389828521368,1.0,False
0,0,15546,6634,,0.4267335649041554,,0.0,1.0,0,24,55,0,,INSUFFICIENT_FOR_GATE,CRASH500,CRT_CANDLE_COMPRESSION,final_test,1.5,30,,,,,0.4156373360499172,0.43732406312803723,,,,,1.0,False
22,11,15546,6634,0.5,0.4267335649041554,1.1716912873078082,0.001658124811576726,0.2528,9999,24,55,20,11.0,INSUFFICIENT_FOR_GATE,CRASH500,CRT_CANDLE_STRUCTURE,final_test,1.5,30,0.3072210627372502,0.6927789372627497,0.29411764705882354,0.7222222222222222,0.4156373360499172,0.43732406312803723,0.6889564162829872,1.6896825429279667,-0.13265926748354734,0.29323273967520014,1.0,False
18,5,15546,6634,0.2777777777777778,0.4267335649041554,0.6509396040598935,0.0007536930961712391,1.0,9999,24,55,13,11.0,INSUFFICIENT_FOR_GATE,CRASH500,CRT_SR,final_test,1.5,30,0.12499753379553993,0.5087265656029746,0.07692307692307693,0.5454545454545454,0.4156373360499172,0.43732406312803723,0.1826136472739198,1.2749160966941688,-0.3480274217848788,0.1178782937518413,1.0,False
216,19,15546,1321,0.08796296296296297,0.08497362665637463,1.0351795777609556,0.014383043149129448,0.4298,9999,24,55,52,3.0,INSUFFICIENT_FOR_GATE,CRASH500,CRT,final_test,2.0,5,0.05703565789152913,0.13328994786612114,0.0502283105022831,0.1297336278586278,0.08226155609321278,0.08781887755102041,0.5900555218188628,1.52636757998565,-0.0347621537070514,0.04465724774302183,1.0,False
88,9,15546,1321,0.10227272727272728,0.08497362665637463,1.2035819971096278,0.006813020439061317,0.3008,9999,24,55,41,2.0,INSUFFICIENT_FOR_GATE,CRASH500,CRT_MSS,final_test,2.0,5,0.05474450061182731,0.18307248423524602,0.04040404040404041,0.1744186046511628,0.08226155609321278,0.08781887755102041,0.4740729169130946,2.0507262419408527,-0.044957030400507775,0.08943443293672754,1.0,False
145,11,15546,1321,0.07586206896551724,0.08497362665637463,0.8927719334882143,0.008327024981074944,1.0,9999,24,55,46,2.0,INSUFFICIENT_FOR_GATE,CRASH500,CRT_DISPLACEMENT,final_test,2.0,5,0.042885732749187305,0.13073161167515576,0.034013605442176874,0.125,0.08226155609321278,0.08781887755102041,0.40019722557826115,1.469560379928961,-0.051280990683736614,0.03994560745797551,1.0,False
81,9,15546,1321,0.1111111111111111,0.08497362665637463,1.3075952561191015,0.006813020439061317,0.2356,9999,24,55,39,2.0,INSUFFICIENT_FOR_GATE,CRASH500,CRT_MSS_DISPLACEMENT,final_test,2.0,5,0.059567564076505305,0.19787094681537315,0.04411764705882353,0.18868972746331222,0.08226155609321278,0.08781887755102041,0.5150630358923044,2.22430332414529,-0.04136225182910109,0.1039052390728967,1.0,False
28,5,15546,1321,0.17857142857142858,0.08497362665637463,2.1014923759056994,0.003785011355034065,0.0975,9999,24,55,22,3.0,INSUFFICIENT_FOR_GATE,CRASH500,CRT_MSS_DISPLACEMENT_FVG,final_test,2.0,5,0.07878501945604277,0.35591424789342946,0.047619047619047616,0.3333333333333333,0.08226155609321278,0.08781887755102041,0.5598798741235963,3.868451291962502,-0.03759354264364569,0.2461562434489267,1.0,False
1293,140,15546,1321,0.10827532869296211,0.08497362665637463,1.2742227553828833,0.10598031794095382,0.0032,9999,24,55,55,3.0,ADEQUATE_FOR_RESEARCH_GATE,CRASH500,ATR_COMPRESSION,final_test,2.0,5,0.09248431734684508,0.12638704652735616,0.0905510247478001,0.12633305015751653,0.08226155609321278,0.08781887755102041,1.081655786817917,1.4664062148564914,0.006835289260544953,0.04010355676201343,1.0,False
1156,93,15546,1321,0.08044982698961937,0.08497362665637463,0.9467623091450589,0.07040121120363362,1.0,9999,24,55,55,3.0,ADEQUATE_FOR_RESEARCH_GATE,CRASH500,BB_SQUEEZE,final_test,2.0,5,0.06612479004918861,0.09755401051181348,0.06527123584789564,0.09610165899377142,0.08226155609321278,0.08781887755102041,0.7735677805814714,1.1216877999612749,-0.019243899966610543,0.010294852905279988,1.0,False
0,0,15546,1321,,0.08497362665637463,,0.0,1.0,0,24,55,0,,INSUFFICIENT_FOR_GATE,CRASH500,CANDLE_COMPRESSION,final_test,2.0,5,,,,,0.08226155609321278,0.08781887755102041,,,,,1.0,False
492,25,15546,1321,0.0508130081300813,0.08497362665637463,0.5979856354203209,0.018925056775170326,1.0,9999,24,55,55,2.0,INSUFFICIENT_FOR_GATE,CRASH500,CANDLE_STRUCTURE,final_test,2.0,5,0.03465190295059807,0.07393413370061355,0.033896616922141944,0.06958250497017893,0.08226155609321278,0.08781887755102041,0.3998943098717877,0.8182353031825178,-0.051174074526034535,-0.015472992957255257,1.0,False
639,78,15546,1321,0.12206572769953052,0.08497362665637463,1.4365130982716892,0.059046177138531414,0.0003,9999,24,55,55,3.0,ADEQUATE_FOR_RESEARCH_GATE,CRASH500,SR_ALIGNMENT,final_test,2.0,5,0.09891755987099343,0.1497307757760673,0.1011227079894208,0.14285714285714285,0.08226155609321278,0.08781887755102041,1.1901858121752507,1.6830932727545662,0.016241219455370066,0.0577507821390986,0.11279999999999998,False
535,61,15546,1321,0.11401869158878504,0.08497362665637463,1.3418127020736201,0.04617713853141559,0.0262,9999,24,55,55,3.0,ADEQUATE_FOR_RESEARCH_GATE,CRASH500,ATR_BB_COMPRESSION,final_test,2.0,5,0.08979367924656942,0.143747108606151,0.08620534885160652,0.14419564491255,0.08226155609321278,0.08781887755102041,1.024458196557916,1.681863768805833,0.0020322168022933345,0.05837302835234439,1.0,False
43,4,15546,1321,0.09302325581395349,0.08497362665637463,1.094730912099713,0.003028009084027252,0.4061,9999,24,55,30,2.0,INSUFFICIENT_FOR_GATE,CRASH500,CRT_ATR,final_test,2.0,5,0.036771640631712774,0.21602703641253584,0.02127659574468085,0.1891891891891892,0.08226155609321278,0.08781887755102041,0.25032125603864736,2.21524440589338,-0.06365130859813525,0.10357381746157109,1.0,False
110,10,15546,1321,0.09090909090909091,0.08497362665637463,1.0698506640974468,0.00757002271006813,0.4032,9999,24,55,49,3.5,INSUFFICIENT_FOR_GATE,CRASH500,CRT_BB,final_test,2.0,5,0.050130328971107536,0.15929652718193588,0.04395122421438211,0.1485148514851485,0.08226155609321278,0.08781887755102041,0.5180033825323029,1.7457670448372729,-0.040897107934526056,0.06339562024652494,1.0,False
0,0,15546,1321,,0.08497362665637463,,0.0,1.0,0,24,55,0,,INSUFFICIENT_FOR_GATE,CRASH500,CRT_CANDLE_COMPRESSION,final_test,2.0,5,,,,,0.08226155609321278,0.08781887755102041,,,,,1.0,False
22,3,15546,1321,0.13636363636363635,0.08497362665637463,1.60477599614617,0.002271006813020439,0.2374,9999,24,55,20,3.0,INSUFFICIENT_FOR_GATE,CRASH500,CRT_CANDLE_STRUCTURE,final_test,2.0,5,0.04749003714055253,0.33334987166571717,0.0,0.30434782608695654,0.08226155609321278,0.08781887755102041,0.0,3.604706343416395,-0.0853602846921872,0.21979566851657176,1.0,False
18,1,15546,1321,0.05555555555555555,0.08497362665637463,0.6537976280595508,0.000757002271006813,1.0,9999,24,55,13,1.0,INSUFFICIENT_FOR_GATE,CRASH500,CRT_SR,final_test,2.0,5,0.009875190978303097,0.25757300781872594,0.0,0.2,0.08226155609321278,0.08781887755102041,0.0,2.3338349867008006,-0.08720183331995825,0.1143041377150522,1.0,False
216,33,15546,2438,0.1527777777777778,0.1568249067284189,0.9741933278643697,0.013535684987694831,1.0,9999,24,55,52,5.0,ADEQUATE_FOR_RESEARCH_GATE,CRASH500,CRT,final_test,2.0,10,0.11090176542671284,0.2067883517847902,0.10454545454545454,0.2048780487804878,0.15242582452565898,0.1613154816066554,0.6692036101182881,1.3100941847984657,-0.05203828893958962,0.04836909428892338,1.0,False
88,15,15546,2438,0.17045454545454544,0.1568249067284189,1.0869099112536356,0.0061525840853158325,0.3693,9999,24,55,41,4.0,INSUFFICIENT_FOR_GATE,CRASH500,CRT_MSS,final_test,2.0,10,0.10610822115632719,0.26236870914553356,0.09210526315789473,0.26215412621359196,0.15242582452565898,0.1613154816066554,0.589350126505016,1.6729804733081668,-0.06424700452506901,0.10503885063688,1.0,False
145,24,15546,2438,0.16551724137931034,0.1568249067284189,1.0554270034793922,0.009844134536505332,0.3927,9999,24,55,46,6.0,INSUFFICIENT_FOR_GATE,CRASH500,CRT_DISPLACEMENT,final_test,2.0,10,0.1138232807472894,0.2344765762377616,0.10294117647058823,0.2356687898089172,0.15242582452565898,0.1613154816066554,0.6574739791230672,1.5015239120925228,-0.05352414627382904,0.07864926724967862,1.0,False
81,15,15546,2438,0.18518518518518517,0.1568249067284189,1.180840397411357,0.0061525840853158325,0.2694,9999,24,55,39,4.0,INSUFFICIENT_FOR_GATE,CRASH500,CRT_MSS_DISPLACEMENT,final_test,2.0,10,0.11556290005906689,0.28331589447245376,0.10126582278481013,0.2823529411764706,0.15242582452565898,0.1613154816066554,0.6472896480810467,1.799977839229882,-0.05511420258805193,0.12519365944991165,1.0,False
28,6,15546,2438,0.21428571428571427,0.1568249067284189,1.3664010312902846,0.002461033634126333,0.2209,9999,24,55,22,3.0,INSUFFICIENT_FOR_GATE,CRASH500,CRT_MSS_DISPLACEMENT_FVG,final_test,2.0,10,0.10212460332897882,0.39538585653721864,0.07407407407407407,0.375,0.15242582452565898,0.1613154816066554,0.46636748479355183,2.3756425742377196,-0.08366217584117602,0.21596402877347834,1.0,False
1293,229,15546,2438,0.177107501933488,0.1568249067284189,1.1293327420254324,0.09392945036915505,0.0092,9999,24,55,55,5.0,ADEQUATE_FOR_RESEARCH_GATE,CRASH500,ATR_COMPRESSION,final_test,2.0,10,0.15726439362897435,0.1988635321705893,0.1582997694508486,0.1956190071928932,0.15242582452565898,0.1613154816066554,1.0149069959223458,1.2391123220672247,0.0023330244755183738,0.03760198400585472,1.0,False
1156,177,15546,2438,0.15311418685121106,0.1568249067284189,0.9763384531537846,0.07260049220672682,1.0,9999,24,55,55,5.0,ADEQUATE_FOR_RESEARCH_GATE,CRASH500,BB_SQUEEZE,final_test,2.0,10,0.13350749161702719,0.17501869193959518,0.13228894691035684,0.1753030904347187,0.15242582452565898,0.1613154816066554,0.8507728181746143,1.1076997571993263,-0.023320722934555886,0.017003917711994908,1.0,False
0,0,15546,2438,,0.1568249067284189,,0.0,1.0,0,24,55,0,,INSUFFICIENT_FOR_GATE,CRASH500,CANDLE_COMPRESSION,final_test,2.0,10,,,,,0.15242582452565898,0.1613154816066554,,,,,1.0,False
492,56,15546,2438,0.11382113821138211,0.1568249067284189,0.7257848296284438,0.022969647251845776,1.0,9999,24,55,55,6.0,ADEQUATE_FOR_RESEARCH_GATE,CRASH500,CANDLE_STRUCTURE,final_test,2.0,10,0.08869903978710465,0.1449269645736655,0.08548622793155596,0.14403378093937128,0.15242582452565898,0.1613154816066554,0.5432745257823202,0.9204403631645683,-0.07205263388784727,-0.012457798394241612,1.0,False
639,137,15546,2438,0.21439749608763695,0.1568249067284189,1.3671138122142756,0.05619360131255127,0.0001,9999,24,55,55,5.0,ADEQUATE_FOR_RESEARCH_GATE,CRASH500,SR_ALIGNMENT,final_test,2.0,10,0.1843328877005464,0.24787548188781217,0.18923076923076923,0.240625,0.15242582452565898,0.1613154816066554,1.204692789713159,1.5350135767236115,0.03216694537846255,0.08366470847547768,0.038400000000000004,True
535,109,15546,2438,0.20373831775700935,0.1568249067284189,1.2991451549837847,0.044708777686628384,0.0032,9999,24,55,55,5.0,ADEQUATE_FOR_RESEARCH_GATE,CRASH500,ATR_BB_COMPRESSION,final_test,2.0,10,0.1717768167635536,0.23992398166093154,0.17126820235687187,0.23791138466848347,0.15242582452565898,0.1613154816066554,1.0964621506793217,1.5085259112181038,0.015123740240844626,0.08009483591312877,1.0,False
43,5,15546,2438,0.11627906976744186,0.1568249067284189,0.7414579239559684,0.002050861361771944,1.0,9999,24,55,30,3.0,INSUFFICIENT_FOR_GATE,CRASH500,CRT_ATR,final_test,2.0,10,0.05070427739804166,0.24479161810082128,0.027777777777777776,0.21212121212121213,0.15242582452565898,0.1613154816066554,0.17862676034104605,1.350484446683587,-0.12860087846931054,0.05508706702377913,1.0,False
110,17,15546,2438,0.15454545454545454,0.1568249067284189,0.9854649862032963,0.00697292863002461,1.0,9999,24,55,49,5.0,INSUFFICIENT_FOR_GATE,CRASH500,CRT_BB,final_test,2.0,10,0.09878652361939873,0.23361837713206013,0.09016393442622951,0.23,0.15242582452565898,0.1613154816066554,0.5783265705967652,1.4559694824091416,-0.06627273569795333,0.07159302124488581,1.0,False
0,0,15546,2438,,0.1568249067284189,,0.0,1.0,0,24,55,0,,INSUFFICIENT_FOR_GATE,CRASH500,CRT_CANDLE_COMPRESSION,final_test,2.0,10,,,,,0.15242582452565898,0.1613154816066554,,,,,1.0,False
22,3,15546,2438,0.13636363636363635,0.1568249067284189,0.8695279290029084,0.0012305168170631665,1.0,9999,24,55,20,3.0,INSUFFICIENT_FOR_GATE,CRASH500,CRT_CANDLE_STRUCTURE,final_test,2.0,10,0.04749003714055253,0.33334987166571717,0.0,0.30434782608695654,0.15242582452565898,0.1613154816066554,0.0,1.947112184648416,-0.15746846240157245,0.14780275989765235,1.0,False
18,1,15546,2438,0.05555555555555555,0.1568249067284189,0.3542521192234071,0.00041017227235438887,1.0,9999,24,55,13,1.0,INSUFFICIENT_FOR_GATE,CRASH500,CRT_SR,final_test,2.0,10,0.009875190978303097,0.25757300781872594,0.0,0.2,0.15242582452565898,0.1613154816066554,0.0,1.262790845433967,-0.16036137835819753,0.04162062914337694,1.0,False
216,41,15546,3360,0.18981481481481483,0.2161327672713238,0.8782324735449737,0.012202380952380952,1.0,9999,24,55,52,6.0,ADEQUATE_FOR_RESEARCH_GATE,CRASH500,CRT,final_test,2.0,15,0.14311406236291413,0.2473557756793619,0.1409090909090909,0.24064282068919607,0.21032458222139738,0.22193680965836116,0.6524723933301779,1.116200320593442,-0.07499417309399956,0.02472506520891186,1.0,False
88,15,15546,3360,0.17045454545454544,0.2161327672713238,0.7886566558441558,0.004464285714285714,1.0,9999,24,55,41,4.0,INSUFFICIENT_FOR_GATE,CRASH500,CRT_MSS,final_test,2.0,15,0.10610822115632719,0.26236870914553356,0.09210526315789473,0.26215412621359196,0.21032458222139738,0.22193680965836116,0.42611914233134385,1.2189305401445658,-0.12393071114441159,0.046658325514954246,1.0,False
145,30,15546,3360,0.20689655172413793,0.2161327672713238,0.9572660098522168,0.008928571428571428,1.0,9999,24,55,46,7.0,INSUFFICIENT_FOR_GATE,CRASH500,CRT_DISPLACEMENT,final_test,2.0,15,0.14894605797953792,0.27997649711045525,0.14393939393939395,0.27586206896551724,0.21032458222139738,0.22193680965836116,0.6653711818560291,1.2754831714416792,-0.07208597711641306,0.05949903613027604,1.0,False
81,15,15546,3360,0.18518518518518517,0.2161327672713238,0.8568121693121693,0.004464285714285714,1.0,9999,24,55,39,4.0,INSUFFICIENT_FOR_GATE,CRASH500,CRT_MSS_DISPLACEMENT,final_test,2.0,15,0.11556290005906689,0.28331589447245376,0.10126582278481013,0.2823529411764706,0.21032458222139738,0.22193680965836116,0.4678923087742896,1.306692635837441,-0.11489216476217527,0.0661478458685978,1.0,False
28,6,15546,3360,0.21428571428571427,0.2161327672713238,0.991454081632653,0.0017857142857142857,1.0,9999,24,55,22,3.0,INSUFFICIENT_FOR_GATE,CRASH500,CRT_MSS_DISPLACEMENT_FVG,final_test,2.0,15,0.10212460332897882,0.39538585653721864,0.07407407407407407,0.375,0.21032458222139738,0.22193680965836116,0.3387493591256599,1.7294264876656416,-0.14291481636445344,0.1572713289082259,1.0,False
1293,302,15546,3360,0.23356535189481825,0.2161327672713238,1.080656833499061,0.08988095238095238,0.0381,9999,24,55,55,6.0,ADEQUATE_FOR_RESEARCH_GATE,CRASH500,ATR_COMPRESSION,final_test,2.0,15,0.21131357434359552,0.2573955764059846,0.2127979551107508,0.25358490566037734,0.21032458222139738,0.22193680965836116,0.9872265489609868,1.1707269554660613,-0.002752504969221419,0.03690471146234375,1.0,False
1156,248,15546,3360,0.21453287197231835,0.2161327672713238,0.9925976272862087,0.07380952380952381,1.0,9999,24,55,55,7.0,ADEQUATE_FOR_RESEARCH_GATE,CRASH500,BB_SQUEEZE,final_test,2.0,15,0.1918351013052996,0.23912160835476373,0.192886678301338,0.23736228158414363,0.21032458222139738,0.22193680965836116,0.8996343140641428,1.0870335392071069,-0.021647993992637508,0.01907217187788534,1.0,False
0,0,15546,3360,,0.2161327672713238,,0.0,1.0,0,24,55,0,,INSUFFICIENT_FOR_GATE,CRASH500,CANDLE_COMPRESSION,final_test,2.0,15,,,,,0.21032458222139738,0.22193680965836116,,,,,1.0,False
492,92,15546,3360,0.18699186991869918,0.2161327672713238,0.86517131242741,0.02738095238095238,1.0,9999,24,55,55,9.5,ADEQUATE_FOR_RESEARCH_GATE,CRASH500,CANDLE_STRUCTURE,final_test,2.0,15,0.1550122188718914,0.22382148992578546,0.15950475682404197,0.21560574948665298,0.21032458222139738,0.22193680965836116,0.7425693939898315,0.9938330881921744,-0.05547880408534864,-0.0013202405197407716,1.0,False
639,195,15546,3360,0.3051643192488263,0.2161327672713238,1.4119299128101948,0.05803571428571429,0.0001,9999,24,55,55,7.0,ADEQUATE_FOR_RESEARCH_GATE,CRASH500,SR_ALIGNMENT,final_test,2.0,15,0.27071333585745927,0.3419438806562429,0.276739703793873,0.3323031744144573,0.21032458222139738,0.22193680965836116,1.2683265207276668,1.5510569326698307,0.058731515133036316,0.11771871857038413,0.038400000000000004,True
535,143,15546,3360,0.2672897196261682,0.2161327672713238,1.236692256341789,0.04255952380952381,0.0014,9999,24,55,55,6.0,ADEQUATE_FOR_RESEARCH_GATE,CRASH500,ATR_BB_COMPRESSION,final_test,2.0,15,0.23154607540658545,0.3063513971728997,0.23529411764705882,0.2998204667863555,0.21032458222139738,0.22193680965836116,1.0934318766659734,1.3888338750289853,0.020197703421566005,0.08377337062529899,0.5208,False
43,7,15546,3360,0.16279069767441862,0.2161327672713238,0.7531976744186047,0.0020833333333333333,1.0,9999,24,55,30,5.0,INSUFFICIENT_FOR_GATE,CRASH500,CRT_ATR,final_test,2.0,15,0.08116627347062008,0.29972405893747167,0.05128205128205128,0.28888888888888886,0.21032458222139738,0.22193680965836116,0.2392051334525626,1.331788598289221,-0.1636897520530469,0.07157636981284476,1.0,False
110,22,15546,3360,0.2,0.2161327672713238,0.925357142857143,0.006547619047619048,1.0,9999,24,55,49,7.0,INSUFFICIENT_FOR_GATE,CRASH500,CRT_BB,final_test,2.0,15,0.13595102656280073,0.28429533461609774,0.13333333333333333,0.2727272727272727,0.21032458222139738,0.22193680965836116,0.6181133533197807,1.2612478540377274,-0.08251205518580838,0.056500999467430944,1.0,False
0,0,15546,3360,,0.2161327672713238,,0.0,1.0,0,24,55,0,,INSUFFICIENT_FOR_GATE,CRASH500,CRT_CANDLE_COMPRESSION,final_test,2.0,15,,,,,0.21032458222139738,0.22193680965836116,,,,,1.0,False
22,4,15546,3360,0.18181818181818182,0.2161327672713238,0.8412337662337663,0.0011904761904761906,1.0,9999,24,55,20,4.0,INSUFFICIENT_FOR_GATE,CRASH500,CRT_CANDLE_STRUCTURE,final_test,2.0,15,0.07306884583422052,0.38516607437126543,0.041666666666666664,0.3684210526315789,0.21032458222139738,0.22193680965836116,0.19242216014024047,1.7159117077117918,-0.17510284208804014,0.15336134051977776,1.0,False
18,2,15546,3360,0.1111111111111111,0.2161327672713238,0.5140873015873015,0.0005952380952380953,1.0,9999,24,55,13,8.0,INSUFFICIENT_FOR_GATE,CRASH500,CRT_SR,final_test,2.0,15,0.03101952264561239,0.32799765130178804,0.0,0.3076923076923077,0.21032458222139738,0.22193680965836116,0.0,1.43341216666111,-0.21855867346938776,0.09384541318626871,1.0,False
216,63,15546,5228,0.2916666666666667,0.33629229383764314,0.8673010711553175,0.012050497322111706,1.0,9999,24,55,52,10.0,ADEQUATE_FOR_RESEARCH_GATE,CRASH500,CRT,final_test,2.0,30,0.23511331144214642,0.3555007588847555,0.2290748898678414,0.35678391959798994,0.32627551020408163,0.3459880534766045,0.6781165771309127,1.0668023520827388,-0.10937426108818248,0.02229143544291225,1.0,False
88,22,15546,5228,0.25,0.33629229383764314,0.7434009181331293,0.004208110175975516,1.0,9999,24,55,41,6.5,INSUFFICIENT_FOR_GATE,CRASH500,CRT_MSS,final_test,2.0,30,0.17128323377232502,0.34963029956012115,0.16326530612244897,0.34523809523809523,0.32627551020408163,0.3459880534766045,0.4882873068443438,1.0235263816623172,-0.17185878766262655,0.00785564473898743,1.0,False
145,43,15546,5228,0.296551724137931,0.33629229383764314,0.8818272959924015,0.008224942616679418,1.0,9999,24,55,46,10.0,INSUFFICIENT_FOR_GATE,CRASH500,CRT_DISPLACEMENT,final_test,2.0,30,0.22823916681493728,0.3753659008357638,0.2193520090548953,0.38095238095238093,0.32627551020408163,0.3459880534766045,0.6503450669448229,1.1333892895038455,-0.11833186747952501,0.04485757663628456,1.0,False
81,22,15546,5228,0.2716049382716049,0.33629229383764314,0.8076454419224119,0.004208110175975516,1.0,9999,24,55,39,6.5,INSUFFICIENT_FOR_GATE,CRASH500,CRT_MSS_DISPLACEMENT,final_test,2.0,30,0.18673822637971735,0.37715423239805246,0.18055555555555555,0.3717948717948718,0.32627551020408163,0.3459880534766045,0.5380404970050735,1.1006870754992197,-0.15525897380654777,0.03398363242541322,1.0,False
28,6,15546,5228,0.21428571428571427,0.33629229383764314,0.6372007869712536,0.0011476664116296864,1.0,9999,24,55,22,3.0,INSUFFICIENT_FOR_GATE,CRASH500,CRT_MSS_DISPLACEMENT_FVG,final_test,2.0,30,0.10212460332897882,0.39538585653721864,0.07407407407407407,0.375,0.32627551020408163,0.3459880534766045,0.21884403876782088,1.1139376363096227,-0.2629070461164833,0.03803640919069616,1.0,False
1293,449,15546,5228,0.34725444702242847,0.33629229383764314,1.0325970989691418,0.08588370313695486,0.135,9999,24,55,55,10.0,ADEQUATE_FOR_RESEARCH_GATE,CRASH500,ATR_COMPRESSION,final_test,2.0,30,0.32179097959473285,0.3736228296158392,0.3254141238808697,0.36893240659017357,0.32627551020408163,0.3459880534766045,0.9736587639104571,1.0906264219213542,-0.008912147690950134,0.030444277880255194,1.0,False
1156,390,15546,5228,0.3373702422145329,0.33629229383764314,1.0032053912523198,0.07459831675592961,0.466,9999,24,55,55,11.0,ADEQUATE_FOR_RESEARCH_GATE,CRASH500,BB_SQUEEZE,final_test,2.0,30,0.3106929807524047,0.3651247811145405,0.3107741695112298,0.3639607493309545,0.32627551020408163,0.3459880534766045,0.9351197037465949,1.0686449986398807,-0.021588632327125105,0.023216430786448125,1.0,False
0,0,15546,5228,,0.33629229383764314,,0.0,1.0,0,24,55,0,,INSUFFICIENT_FOR_GATE,CRASH500,CANDLE_COMPRESSION,final_test,2.0,30,,,,,0.32627551020408163,0.3459880534766045,,,,,1.0,False
492,146,15546,5228,0.2967479674796748,0.33629229383764314,0.8824108459141209,0.0279265493496557,1.0,9999,24,55,55,13.0,ADEQUATE_FOR_RESEARCH_GATE,CRASH500,CANDLE_STRUCTURE,final_test,2.0,30,0.25808255429347815,0.3385627111595587,0.25889224916864023,0.3353789542780681,0.32627551020408163,0.3459880534766045,0.7754579472669022,0.9940532127751232,-0.07541528157771415,-0.0019811939131256346,1.0,False
639,275,15546,5228,0.4303599374021909,0.33629229383764314,1.279719890370019,0.052601377199693954,0.0001,9999,24,55,55,11.0,ADEQUATE_FOR_RESEARCH_GATE,CRASH500,SR_ALIGNMENT,final_test,2.0,30,0.39249907925852123,0.4690530985315169,0.39968639656905713,0.4597183635670316,0.32627551020408163,0.3459880534766045,1.1841279046055815,1.3745423491404618,0.06230195146237156,0.12470178673382498,0.038400000000000004,True
535,209,15546,5228,0.39065420560747666,0.33629229383764314,1.1616507804846656,0.03997704667176741,0.0031,9999,24,55,55,10.0,ADEQUATE_FOR_RESEARCH_GATE,CRASH500,ATR_BB_COMPRESSION,final_test,2.0,30,0.3502312506629692,0.4326362364526926,0.35181490712919966,0.43042671614100186,0.32627551020408163,0.3459880534766045,1.0480346984275535,1.2785265175633584,0.016184279939415194,0.09330895748542054,1.0,False
43,14,15546,5228,0.32558139534883723,0.33629229383764314,0.9681500329175637,0.0026778882938026014,1.0,9999,24,55,30,15.5,INSUFFICIENT_FOR_GATE,CRASH500,CRT_ATR,final_test,2.0,30,0.20493297126568708,0.47483789032470525,0.15555555555555556,0.5,0.32627551020408163,0.3459880534766045,0.46264144885455566,1.4875987285233352,-0.18088678688530935,0.16388785457545163,1.0,False
110,29,15546,5228,0.2636363636363636,0.33629229383764314,0.7839500591222089,0.005547054322876817,1.0,9999,24,55,49,10.0,INSUFFICIENT_FOR_GATE,CRASH500,CRT_BB,final_test,2.0,30,0.19028324453066747,0.35294116124664643,0.19090909090909092,0.34234234234234234,0.32627551020408163,0.3459880534766045,0.5656895325924248,1.020063304741866,-0.14720670950780004,0.006650321875211748,1.0,False
0,0,15546,5228,,0.33629229383764314,,0.0,1.0,0,24,55,0,,INSUFFICIENT_FOR_GATE,CRASH500,CRT_CANDLE_COMPRESSION,final_test,2.0,30,,,,,0.32627551020408163,0.3459880534766045,,,,,1.0,False
22,8,15546,5228,0.36363636363636365,0.33629229383764314,1.0813104263754607,0.001530221882172915,0.3973,9999,24,55,20,18.0,INSUFFICIENT_FOR_GATE,CRASH500,CRT_CANDLE_STRUCTURE,final_test,2.0,30,0.19733204670366122,0.5704829190986899,0.16666666666666666,0.5909090909090909,0.32627551020408163,0.3459880534766045,0.4888646194556987,1.7684381413668273,-0.173424033320527,0.258037163729128,1.0,False
18,5,15546,5228,0.2777777777777778,0.33629229383764314,0.8260010201479214,0.0009563886763580719,1.0,9999,24,55,13,16.0,INSUFFICIENT_FOR_GATE,CRASH500,CRT_SR,final_test,2.0,30,0.12499753379553993,0.5087265656029746,0.07692307692307693,0.5454545454545454,0.32627551020408163,0.3459880534766045,0.23189588316741636,1.621814886350178,-0.2581333992076485,0.21022183822763701,1.0,False
216,6,15546,464,0.027777777777777776,0.029846905956516144,0.9306752873563219,0.01293103448275862,1.0,9999,24,55,52,3.0,INSUFFICIENT_FOR_GATE,CRASH500,CRT,final_test,3.0,5,0.012791661409577167,0.0592668979980669,0.008888888888888889,0.05046103234176626,0.02782376161976315,0.03190531326386209,0.2985721326453874,1.6949540100916813,-0.02127213933228352,0.020594680501893132,1.0,False
88,0,15546,464,0.0,0.029846905956516144,0.0,0.0,1.0,9999,24,55,41,,INSUFFICIENT_FOR_GATE,CRASH500,CRT_MSS,final_test,3.0,5,0.0,0.0418270666648922,0.0,0.0,0.02782376161976315,0.03190531326386209,0.0,0.0,-0.03190531326386209,-0.02782376161976315,1.0,False
145,2,15546,464,0.013793103448275862,0.029846905956516144,0.46212841854934605,0.004310344827586207,1.0,9999,24,55,46,2.0,INSUFFICIENT_FOR_GATE,CRASH500,CRT_DISPLACEMENT,final_test,3.0,5,0.003790752490395701,0.04889254477653414,0.0,0.034013605442176874,0.02782376161976315,0.03190531326386209,0.0,1.1405754557269845,-0.03074758947406458,0.004109680504420625,1.0,False
81,0,15546,464,0.0,0.029846905956516144,0.0,0.0,1.0,9999,24,55,39,,INSUFFICIENT_FOR_GATE,CRASH500,CRT_MSS_DISPLACEMENT,final_test,3.0,5,0.0,0.045278085432415204,0.0,0.0,0.02782376161976315,0.03190531326386209,0.0,0.0,-0.03190531326386209,-0.02782376161976315,1.0,False
28,0,15546,464,0.0,0.029846905956516144,0.0,0.0,1.0,9999,24,55,22,,INSUFFICIENT_FOR_GATE,CRASH500,CRT_MSS_DISPLACEMENT_FVG,final_test,3.0,5,1.3877787807814457e-17,0.12064330476584563,0.0,0.0,0.02782376161976315,0.03190531326386209,0.0,0.0,-0.03190531326386209,-0.02782376161976315,1.0,False
1293,41,15546,464,0.0317092034029389,0.029846905956516144,1.062394991599328,0.08836206896551724,0.3262,9999,24,55,55,3.0,ADEQUATE_FOR_RESEARCH_GATE,CRASH500,ATR_COMPRESSION,final_test,3.0,5,0.02345925680908576,0.04273345953016173,0.023059185242121444,0.040784372963686984,0.02782376161976315,0.03190531326386209,0.7820040523563624,1.3525296881881872,-0.006459532133673457,0.010593770310154928,1.0,False
1156,28,15546,464,0.02422145328719723,0.029846905956516144,0.8115230879370003,0.0603448275862069,1.0,9999,24,55,55,4.0,INSUFFICIENT_FOR_GATE,CRASH500,BB_SQUEEZE,final_test,3.0,5,0.01681044348272799,0.03478407261737749,0.016407599309153715,0.03270223752151463,0.02782376161976315,0.03190531326386209,0.5531891967719713,1.0969347459920684,-0.013363189836482561,0.0028406083771095134,1.0,False
0,0,15546,464,,0.029846905956516144,,0.0,1.0,0,24,55,0,,INSUFFICIENT_FOR_GATE,CRASH500,CANDLE_COMPRESSION,final_test,3.0,5,,,,,0.02782376161976315,0.03190531326386209,,,,,1.0,False
492,9,15546,464,0.018292682926829267,0.029846905956516144,0.6128837258200168,0.01939655172413793,1.0,9999,24,55,55,3.0,INSUFFICIENT_FOR_GATE,CRASH500,CANDLE_STRUCTURE,final_test,3.0,5,0.009653102233985284,0.034396176889712235,0.008015230460921844,0.030120481927710843,0.02782376161976315,0.03190531326386209,0.26481188102487585,1.0194347566981703,-0.022338638426303264,0.0005791715152277491,1.0,False
639,28,15546,464,0.04381846635367762,0.029846905956516144,1.4681074955480007,0.0603448275862069,0.0346,9999,24,55,55,2.5,INSUFFICIENT_FOR_GATE,CRASH500,SR_ALIGNMENT,final_test,3.0,5,0.030488167659324057,0.06260081719002669,0.029540402450541202,0.05917159763313609,0.02782376161976315,0.03190531326386209,0.9934265516325613,1.9786668896818533,-0.00020070172619741466,0.029104516528811058,1.0,False
535,19,15546,464,0.03551401869158879,0.029846905956516144,1.1898727038349985,0.040948275862068964,0.2108,9999,24,55,55,4.0,INSUFFICIENT_FOR_GATE,CRASH500,ATR_BB_COMPRESSION,final_test,3.0,5,0.022851758342574843,0.054799020259851464,0.022222222222222223,0.04963235294117647,0.02782376161976315,0.03190531326386209,0.74983940693742,1.664982361525443,-0.007492372123807526,0.01975114965526325,1.0,False
43,2,15546,464,0.046511627906976744,0.029846905956516144,1.5583400160384924,0.004310344827586207,0.2817,9999,24,55,30,3.0,INSUFFICIENT_FOR_GATE,CRASH500,CRT_ATR,final_test,3.0,5,0.012849260094380227,0.15455498004063967,0.0,0.11764705882352941,0.02782376161976315,0.03190531326386209,0.0,3.9868556569647406,-0.03069360260830425,0.08837755679008058,1.0,False
110,3,15546,464,0.02727272727272727,0.029846905956516144,0.9137539184952979,0.00646551724137931,1.0,9999,24,55,49,3.0,INSUFFICIENT_FOR_GATE,CRASH500,CRT_BB,final_test,3.0,5,0.009317969857872282,0.07713084169675567,0.0,0.061946902654867256,0.02782376161976315,0.03190531326386209,0.0,2.1041554953427024,-0.029787136520767993,0.032497309769747684,1.0,False
0,0,15546,464,,0.029846905956516144,,0.0,1.0,0,24,55,0,,INSUFFICIENT_FOR_GATE,CRASH500,CRT_CANDLE_COMPRESSION,final_test,3.0,5,,,,,0.02782376161976315,0.03190531326386209,,,,,1.0,False
22,3,15546,464,0.13636363636363635,0.029846905956516144,4.568769592476489,0.00646551724137931,0.092,9999,24,55,20,3.0,INSUFFICIENT_FOR_GATE,CRASH500,CRT_CANDLE_STRUCTURE,final_test,3.0,5,0.04749003714055253,0.33334987166571717,0.0,0.30434782608695654,0.02782376161976315,0.03190531326386209,0.0,10.237411316277129,-0.029787136520767993,0.27425005173985756,1.0,False
18,1,15546,464,0.05555555555555555,0.029846905956516144,1.8613505747126438,0.0021551724137931034,0.288,9999,24,55,13,3.0,INSUFFICIENT_FOR_GATE,CRASH500,CRT_SR,final_test,3.0,5,0.009875190978303097,0.25757300781872594,0.0,0.2,0.02782376161976315,0.03190531326386209,0.0,6.519504475140068,-0.03125,0.1692507109089631,1.0,False
216,14,15546,1076,0.06481481481481481,0.06921394570950727,0.9364415530772408,0.013011152416356878,1.0,9999,24,55,52,6.0,INSUFFICIENT_FOR_GATE,CRASH500,CRT,final_test,3.0,10,0.03899791567013807,0.10584036456827903,0.034782608695652174,0.1,0.06563061905985101,0.07277486601511267,0.5064264745475184,1.4432372248398722,-0.03441497580945719,0.030718291578162922,1.0,False
88,5,15546,1076,0.056818181818181816,0.06921394570950727,0.8209065562690098,0.004646840148698885,1.0,9999,24,55,41,7.0,INSUFFICIENT_FOR_GATE,CRASH500,CRT_MSS,final_test,3.0,10,0.024511027973809198,0.12619932657007255,0.012345679012345678,0.10416666666666667,0.06563061905985101,0.07277486601511267,0.18089350771022464,1.4884161392372923,-0.05595292098839411,0.03425572073511086,1.0,False
145,8,15546,1076,0.05517241379310345,0.06921394570950727,0.7971285732598384,0.007434944237918215,1.0,9999,24,55,46,6.5,INSUFFICIENT_FOR_GATE,CRASH500,CRT_DISPLACEMENT,final_test,3.0,10,0.028218774309542574,0.10508722106232939,0.019861014290693625,0.09803921568627451,0.06563061905985101,0.07277486601511267,0.28963224074756905,1.405800700976291,-0.04914815408832836,0.02814769425397249,1.0,False
81,5,15546,1076,0.06172839506172839,0.06921394570950727,0.8918490981688006,0.004646840148698885,1.0,9999,24,55,39,7.0,INSUFFICIENT_FOR_GATE,CRASH500,CRT_MSS_DISPLACEMENT,final_test,3.0,10,0.02665251209702916,0.13649247636842118,0.0136986301369863,0.1125,0.06563061905985101,0.07277486601511267,0.19786181059511193,1.6057615531856713,-0.054704785832963045,0.04251600550272793,1.0,False
28,2,15546,1076,0.07142857142857142,0.06921394570950727,1.0319968135953266,0.0018587360594795538,0.444,9999,24,55,22,6.0,INSUFFICIENT_FOR_GATE,CRASH500,CRT_MSS_DISPLACEMENT_FVG,final_test,3.0,10,0.01981206411530574,0.22645362568399052,0.0,0.17857142857142858,0.06563061905985101,0.07277486601511267,0.0,2.552842826497612,-0.07067409600179063,0.10797006297326459,1.0,False
1293,94,15546,1076,0.07269914926527456,0.06921394570950727,1.0503540654999612,0.08736059479553904,0.3049,9999,24,55,55,6.0,ADEQUATE_FOR_RESEARCH_GATE,CRASH500,ATR_COMPRESSION,final_test,3.0,10,0.059777092719347585,0.08815267735073373,0.05850234009360374,0.08702681369120055,0.06563061905985101,0.07277486601511267,0.8505624946811989,1.2605768568515974,-0.01028874386020897,0.017936507373227908,1.0,False
1156,74,15546,1076,0.06401384083044982,0.06921394570950727,0.9248691166823169,0.0687732342007435,1.0,9999,24,55,55,7.0,ADEQUATE_FOR_RESEARCH_GATE,CRASH500,BB_SQUEEZE,final_test,3.0,10,0.05129697224638954,0.07961872977988893,0.05054869417334112,0.07821801011671738,0.06563061905985101,0.07277486601511267,0.7324336896554494,1.1237232722428045,-0.01854950985585163,0.008548298663658586,1.0,False
0,0,15546,1076,,0.06921394570950727,,0.0,1.0,0,24,55,0,,INSUFFICIENT_FOR_GATE,CRASH500,CANDLE_COMPRESSION,final_test,3.0,10,,,,,0.06563061905985101,0.07277486601511267,,,,,1.0,False
492,22,15546,1076,0.044715447154471545,0.06921394570950727,0.6460467857466679,0.020446096654275093,1.0,9999,24,55,55,7.0,INSUFFICIENT_FOR_GATE,CRASH500,CANDLE_STRUCTURE,final_test,3.0,10,0.029712256443566478,0.06677313817123624,0.026636620402963558,0.06521967963386724,0.06563061905985101,0.07277486601511267,0.3802552573602872,0.9501841552342103,-0.04360047913257992,-0.0033518697516531546,1.0,False
639,60,15546,1076,0.09389671361502347,0.06921394570950727,1.35661552960888,0.055762081784386616,0.0042,9999,24,55,55,6.0,ADEQUATE_FOR_RESEARCH_GATE,CRASH500,SR_ALIGNMENT,final_test,3.0,10,0.07364515551546924,0.11900181384441591,0.0759278512665483,0.1126984126984127,0.06563061905985101,0.07277486601511267,1.1024867432017167,1.615621439723289,0.007072012050930013,0.04267913854827547,1.0,False
535,45,15546,1076,0.08411214953271028,0.06921394570950727,1.215248584233749,0.041821561338289966,0.1313,9999,24,55,55,6.0,ADEQUATE_FOR_RESEARCH_GATE,CRASH500,ATR_BB_COMPRESSION,final_test,3.0,10,0.06345508029412969,0.11069903736800249,0.05871542257436753,0.11070110701107011,0.06563061905985101,0.07277486601511267,0.8489935192914572,1.6132672768880318,-0.010431226308064858,0.04195210455545773,1.0,False
43,4,15546,1076,0.09302325581395349,0.06921394570950727,1.343995850263681,0.0037174721189591076,0.2788,9999,24,55,30,5.0,INSUFFICIENT_FOR_GATE,CRASH500,CRT_ATR,final_test,3.0,10,0.036771640631712774,0.21602703641253584,0.02127659574468085,0.1891891891891892,0.06563061905985101,0.07277486601511267,0.3078141203771739,2.731584843958173,-0.048101934182897536,0.11971776573921956,1.0,False
110,9,15546,1076,0.08181818181818182,0.06921394570950727,1.1821054410273741,0.008364312267657992,0.3072,9999,24,55,49,7.0,INSUFFICIENT_FOR_GATE,CRASH500,CRT_BB,final_test,3.0,10,0.043640646278655146,0.1482179177889003,0.03636363636363636,0.13675213675213677,0.06563061905985101,0.07277486601511267,0.5182042517630767,1.9803799067561003,-0.033378540129440165,0.06793786325209696,1.0,False
0,0,15546,1076,,0.06921394570950727,,0.0,1.0,0,24,55,0,,INSUFFICIENT_FOR_GATE,CRASH500,CRT_CANDLE_COMPRESSION,final_test,3.0,10,,,,,0.06563061905985101,0.07277486601511267,,,,,1.0,False
22,3,15546,1076,0.13636363636363635,0.06921394570950727,1.9701757350456233,0.0027881040892193307,0.1805,9999,24,55,20,3.0,INSUFFICIENT_FOR_GATE,CRASH500,CRT_CANDLE_STRUCTURE,final_test,3.0,10,0.04749003714055253,0.33334987166571717,0.0,0.30434782608695654,0.06563061905985101,0.07277486601511267,0.0,4.393333471339021,-0.06949950677109411,0.23456425932746156,1.0,False
18,1,15546,1076,0.05555555555555555,0.06921394570950727,0.8026641883519207,0.0009293680297397769,1.0,9999,24,55,13,3.0,INSUFFICIENT_FOR_GATE,CRASH500,CRT_SR,final_test,3.0,10,0.009875190978303097,0.25757300781872594,0.0,0.2,0.06563061905985101,0.07277486601511267,0.0,2.8332059754281445,-0.07195755570236494,0.129195055717757,1.0,False
216,20,15546,1657,0.09259259259259259,0.10658690338350701,0.8687051565748004,0.012070006035003017,1.0,9999,24,55,52,7.5,INSUFFICIENT_FOR_GATE,CRASH500,CRT,final_test,3.0,15,0.06073960324745258,0.13868346761404426,0.0593607305936073,0.12931034482758622,0.1013495977160654,0.11179480081025875,0.5533668644315632,1.2177203178735956,-0.047763980260182866,0.02311378112074548,1.0,False
88,6,15546,1657,0.06818181818181818,0.10658690338350701,0.6396828880232621,0.003621001810500905,1.0,9999,24,55,41,7.0,INSUFFICIENT_FOR_GATE,CRASH500,CRT_MSS,final_test,3.0,15,0.03162092817146724,0.14086608394821237,0.022988505747126436,0.1188118811881188,0.1013495977160654,0.11179480081025875,0.21684746040781466,1.1103641227884116,-0.08341932942083376,0.011899415106734633,1.0,False
145,11,15546,1657,0.07586206896551724,0.10658690338350701,0.7117391213868021,0.006638503319251659,1.0,9999,24,55,46,8.0,INSUFFICIENT_FOR_GATE,CRASH500,CRT_DISPLACEMENT,final_test,3.0,15,0.042885732749187305,0.13073161167515576,0.0364963503649635,0.12213740458015267,0.1013495977160654,0.11179480081025875,0.3427373765815222,1.1487527864280198,-0.07093130777538201,0.01591019687253756,1.0,False
81,6,15546,1657,0.07407407407407407,0.10658690338350701,0.6949641252598403,0.003621001810500905,1.0,9999,24,55,39,7.0,INSUFFICIENT_FOR_GATE,CRASH500,CRT_MSS_DISPLACEMENT,final_test,3.0,15,0.034389630412381036,0.15232873865967633,0.02531645569620253,0.1276595744680851,0.1013495977160654,0.11179480081025875,0.2388765389543094,1.1900639124754644,-0.08106415008961756,0.020216126660445824,1.0,False
28,2,15546,1657,0.07142857142857142,0.10658690338350701,0.6701439779291317,0.0012070006035003018,1.0,9999,24,55,22,6.0,INSUFFICIENT_FOR_GATE,CRASH500,CRT_MSS_DISPLACEMENT_FVG,final_test,3.0,15,0.01981206411530574,0.22645362568399052,0.0,0.17857142857142858,0.1013495977160654,0.11179480081025875,0.0,1.6579503969506455,-0.10864275732670377,0.07065107682014109,1.0,False
1293,138,15546,1657,0.10672853828306264,0.10658690338350701,1.0013288208500253,0.08328304164152082,0.4917,9999,24,55,55,8.0,ADEQUATE_FOR_RESEARCH_GATE,CRASH500,ATR_COMPRESSION,final_test,3.0,15,0.09104821642080196,0.124738730331481,0.08999144604672038,0.12334113973458236,0.1013495977160654,0.11179480081025875,0.8477454996908105,1.1555517357186105,-0.016336041870316065,0.016514803074644917,1.0,False
1156,122,15546,1657,0.10553633217993079,0.10658690338350701,0.9901435244835268,0.07362703681351841,1.0,9999,24,55,55,9.5,ADEQUATE_FOR_RESEARCH_GATE,CRASH500,BB_SQUEEZE,final_test,3.0,15,0.08911262707876408,0.12457300808786884,0.08726594030263614,0.12422907488986784,0.1013495977160654,0.11179480081025875,0.8278193608121636,1.1536954555718015,-0.01824299427533969,0.01658082779290315,1.0,False
0,0,15546,1657,,0.10658690338350701,,0.0,1.0,0,24,55,0,,INSUFFICIENT_FOR_GATE,CRASH500,CANDLE_COMPRESSION,final_test,3.0,15,,,,,0.1013495977160654,0.11179480081025875,,,,,1.0,False
492,46,15546,1657,0.09349593495934959,0.10658690338350701,0.8771803288340668,0.02776101388050694,1.0,9999,24,55,55,11.0,ADEQUATE_FOR_RESEARCH_GATE,CRASH500,CANDLE_STRUCTURE,final_test,3.0,15,0.0708278122801192,0.12246271862595468,0.07243192488262912,0.11460762979082469,0.1013495977160654,0.11179480081025875,0.68032980298921,1.076848627886744,-0.0341147966686285,0.008122076234189628,1.0,False
639,103,15546,1657,0.16118935837245696,0.10658690338350701,1.512281089473878,0.06216053108026554,0.0001,9999,24,55,55,9.0,ADEQUATE_FOR_RESEARCH_GATE,CRASH500,SR_ALIGNMENT,final_test,3.0,15,0.1347172636633745,0.19171074738254124,0.13821138211382114,0.18407999006527423,0.1013495977160654,0.11179480081025875,1.3017265571573802,1.724138956008896,0.031939649077724376,0.07681926170483552,0.038400000000000004,True
535,71,15546,1657,0.13271028037383178,0.10658690338350701,1.2450899328253402,0.04284852142426071,0.0293,9999,24,55,55,8.0,ADEQUATE_FOR_RESEARCH_GATE,CRASH500,ATR_BB_COMPRESSION,final_test,3.0,15,0.10656409416189297,0.16409336255994514,0.10516233421348144,0.16068221712125302,0.1013495977160654,0.11179480081025875,0.9981804041390635,1.497626810138574,-0.0001954936596590906,0.053381579265956255,1.0,False
43,4,15546,1657,0.09302325581395349,0.10658690338350701,0.8727456456751483,0.0024140012070006035,1.0,9999,24,55,30,5.0,INSUFFICIENT_FOR_GATE,CRASH500,CRT_ATR,final_test,3.0,15,0.036771640631712774,0.21602703641253584,0.02127659574468085,0.1891891891891892,0.1013495977160654,0.11179480081025875,0.19930288701353946,1.7823367066707712,-0.0859961109924705,0.08293180054590923,1.0,False
110,11,15546,1657,0.1,0.10658690338350701,0.9382015691007846,0.006638503319251659,1.0,9999,24,55,49,7.0,INSUFFICIENT_FOR_GATE,CRASH500,CRT_BB,final_test,3.0,15,0.056760120140964467,0.17023502809756688,0.05128205128205128,0.15792079207920753,0.1013495977160654,0.11179480081025875,0.4788073085708854,1.5000630538513966,-0.0564406637700624,0.05259161718811234,1.0,False
0,0,15546,1657,,0.10658690338350701,,0.0,1.0,0,24,55,0,,INSUFFICIENT_FOR_GATE,CRASH500,CRT_CANDLE_COMPRESSION,final_test,3.0,15,,,,,0.1013495977160654,0.11179480081025875,,,,,1.0,False
22,3,15546,1657,0.13636363636363635,0.10658690338350701,1.2793657760465242,0.0018105009052504525,0.3285,9999,24,55,20,3.0,INSUFFICIENT_FOR_GATE,CRASH500,CRT_CANDLE_STRUCTURE,final_test,3.0,15,0.04749003714055253,0.33334987166571717,0.0,0.30434782608695654,0.1013495977160654,0.11179480081025875,0.0,2.857737613874951,-0.10700340212268934,0.19741645276940992,1.0,False
18,1,15546,1657,0.05555555555555555,0.10658690338350701,0.5212230939448803,0.0006035003017501509,1.0,9999,24,55,13,3.0,INSUFFICIENT_FOR_GATE,CRASH500,CRT_SR,final_test,3.0,15,0.009875190978303097,0.25757300781872594,0.0,0.2,0.1013495977160654,0.11179480081025875,0.0,1.8448893436149278,-0.11062044608692198,0.09116631164791779,1.0,False
216,37,15546,3172,0.1712962962962963,0.20403962434066641,0.8395246602213816,0.011664564943253467,1.0,9999,24,55,52,14.0,ADEQUATE_FOR_RESEARCH_GATE,CRASH500,CRT,final_test,3.0,30,0.12690557751191775,0.22717440011497178,0.12719298245614036,0.21861191860465107,0.19368686868686869,0.21451365465103717,0.6265002895558834,1.0662747397576606,-0.07642182130584191,0.01352311900741228,1.0,False
88,11,15546,3172,0.125,0.20403962434066641,0.612626103404792,0.0034678436317780582,1.0,9999,24,55,41,14.0,INSUFFICIENT_FOR_GATE,CRASH500,CRT_MSS,final_test,3.0,30,0.07125274152192247,0.21011755847674674,0.06,0.19540229885057472,0.19368686868686869,0.21451365465103717,0.2967192485186481,0.9455576188633988,-0.14232867966011437,-0.011197272764420976,1.0,False
145,23,15546,3172,0.15862068965517243,0.20403962434066641,0.7774014001826326,0.007250945775535939,1.0,9999,24,55,46,16.0,INSUFFICIENT_FOR_GATE,CRASH500,CRT_DISPLACEMENT,final_test,3.0,30,0.10808400182443906,0.22677873880978827,0.1056338028169014,0.21528311965811958,0.19368686868686869,0.21451365465103717,0.5189617474098435,1.0459452300311425,-0.09795053993068464,0.009492467906746167,1.0,False
81,11,15546,3172,0.13580246913580246,0.20403962434066641,0.6655690999953294,0.0034678436317780582,1.0,9999,24,55,39,14.0,INSUFFICIENT_FOR_GATE,CRASH500,CRT_MSS_DISPLACEMENT,final_test,3.0,30,0.07755463441730516,0.22703063768778736,0.06578947368421052,0.21052631578947367,0.19368686868686869,0.21451365465103717,0.32803204653526236,1.0143112440371966,-0.1356505529397185,0.002909634749657884,1.0,False
28,3,15546,3172,0.10714285714285714,0.20403962434066641,0.5251080886326788,0.0009457755359394704,1.0,9999,24,55,22,6.0,INSUFFICIENT_FOR_GATE,CRASH500,CRT_MSS_DISPLACEMENT_FVG,final_test,3.0,30,0.03711836682929999,0.27195851548672156,0.0,0.2222222222222222,0.19368686868686869,0.21451365465103717,0.0,1.0788100852421771,-0.20197704081632653,0.016302921222009725,1.0,False
1293,279,15546,3172,0.21577726218097448,0.20403962434066641,1.0575262666662766,0.08795712484237074,0.1446,9999,24,55,55,16.0,ADEQUATE_FOR_RESEARCH_GATE,CRASH500,ATR_COMPRESSION,final_test,3.0,30,0.194214738921208,0.23902361492631213,0.19268783260001648,0.23802180917766827,0.19368686868686869,0.21451365465103717,0.9481839601421298,1.164695291875233,-0.010631504830414794,0.0331657206032452,1.0,False
1156,249,15546,3172,0.21539792387543252,0.20403962434066641,1.0556671262823059,0.07849936948297603,0.1255,9999,24,55,55,16.0,ADEQUATE_FOR_RESEARCH_GATE,CRASH500,BB_SQUEEZE,final_test,3.0,30,0.1926628869213908,0.24001819634576324,0.19265812979593813,0.2387944142865955,0.19368686868686869,0.21451365465103717,0.9627375402230111,1.148999216789038,-0.007631162843620812,0.030657746867252502,1.0,False
0,0,15546,3172,,0.20403962434066641,,0.0,1.0,0,24,55,0,,INSUFFICIENT_FOR_GATE,CRASH500,CANDLE_COMPRESSION,final_test,3.0,30,,,,,0.19368686868686869,0.21451365465103717,,,,,1.0,False
492,91,15546,3172,0.18495934959349594,0.20403962434066641,0.9064874050379849,0.028688524590163935,1.0,9999,24,55,55,15.0,ADEQUATE_FOR_RESEARCH_GATE,CRASH500,CANDLE_STRUCTURE,final_test,3.0,30,0.15313835428689362,0.22166180716531367,0.15734989648033126,0.2147117296222664,0.19368686868686869,0.21451365465103717,0.7774221980816796,1.0417734657254887,-0.04556031567630591,0.00853832078550071,1.0,False
639,177,15546,3172,0.27699530516431925,0.20403962434066641,1.3575564357139052,0.05580075662042875,0.0001,9999,24,55,55,14.0,ADEQUATE_FOR_RESEARCH_GATE,CRASH500,SR_ALIGNMENT,final_test,3.0,30,0.2437080973906935,0.31294775283583304,0.24496124031007752,0.30967891048262836,0.19368686868686869,0.21451365465103717,1.2105504297257361,1.507962402291724,0.043020489407302714,0.10340832417267434,0.038400000000000004,True
535,130,15546,3172,0.24299065420560748,0.20403962434066641,1.1908993411981001,0.040983606557377046,0.0178,9999,24,55,55,14.5,ADEQUATE_FOR_RESEARCH_GATE,CRASH500,ATR_BB_COMPRESSION,final_test,3.0,30,0.20856370430299265,0.2810820987466396,0.20670391061452514,0.2798507462686567,0.19368686868686869,0.21451365465103717,1.0206601449849415,1.3701937299905946,0.0042199473428069945,0.07499578798530107,1.0,False
43,9,15546,3172,0.20930232558139536,0.20403962434066641,1.0257925452359307,0.0028373266078184113,0.4446,9999,24,55,30,20.0,INSUFFICIENT_FOR_GATE,CRASH500,CRT_ATR,final_test,3.0,30,0.11422834220995602,0.3520564271073644,0.09090909090909091,0.34146341463414637,0.19368686868686869,0.21451365465103717,0.44486276261807256,1.6814062529624867,-0.11358437374478107,0.13931024357608937,1.0,False
110,18,15546,3172,0.16363636363636364,0.20403962434066641,0.8019832626390003,0.005674653215636823,1.0,9999,24,55,49,11.5,INSUFFICIENT_FOR_GATE,CRASH500,CRT_BB,final_test,3.0,30,0.10608807657526535,0.2438851162616814,0.10655737704918032,0.22727272727272727,0.19368686868686869,0.21451365465103717,0.5206081820192174,1.116247613041116,-0.09872791161459585,0.02364439948634634,1.0,False
0,0,15546,3172,,0.20403962434066641,,0.0,1.0,0,24,55,0,,INSUFFICIENT_FOR_GATE,CRASH500,CRT_CANDLE_COMPRESSION,final_test,3.0,30,,,,,0.19368686868686869,0.21451365465103717,,,,,1.0,False
22,5,15546,3172,0.22727272727272727,0.20403962434066641,1.113865642554167,0.0015762925598991173,0.3905,9999,24,55,20,5.0,INSUFFICIENT_FOR_GATE,CRASH500,CRT_CANDLE_STRUCTURE,final_test,3.0,30,0.10123039985248516,0.4343995317522171,0.058823529411764705,0.42857142857142855,0.19368686868686869,0.21451365465103717,0.28331824068635814,2.106113303523167,-0.14635243368040016,0.22632090707761296,1.0,False
18,3,15546,3172,0.16666666666666666,0.20403962434066641,0.8168348045397225,0.0009457755359394704,1.0,9999,24,55,13,20.0,INSUFFICIENT_FOR_GATE,CRASH500,CRT_SR,final_test,3.0,30,0.05836576805861446,0.39222038103915724,0.0,0.3684210526315789,0.19368686868686869,0.21451365465103717,0.0,1.8151785466726824,-0.2046634785191369,0.16517212236713197,1.0,False
75,14,5178,722,0.18666666666666668,0.13943607570490538,1.3387257617728532,0.019390581717451522,0.1492,9999,24,19,19,3.0,INSUFFICIENT_FOR_GATE,CRASH500,CRT,wf1,1.5,5,0.11458109606529084,0.28928584522393425,0.10344827586206896,0.28072916666666625,0.13497740963855423,0.14421748569962461,0.7501908190646173,1.9862348437214508,-0.03422018199380854,0.1392451976555848,,
38,5,5178,722,0.13157894736842105,0.13943607570490538,0.9436506779413908,0.006925207756232687,1.0,9999,24,19,17,1.0,INSUFFICIENT_FOR_GATE,CRASH500,CRT_MSS,wf1,1.5,5,0.05753867690120133,0.2732685944229131,0.043478260869565216,0.25,0.13497740963855423,0.14421748569962461,0.3121087701089777,1.8005269559822346,-0.09524166623504378,0.11134756585236011,,
62,12,5178,722,0.1935483870967742,0.13943607570490538,1.388079706907336,0.01662049861495845,0.1746,9999,24,19,19,2.5,INSUFFICIENT_FOR_GATE,CRASH500,CRT_DISPLACEMENT,wf1,1.5,5,0.11433808240290248,0.3085179617882613,0.08928571428571429,0.3142857142857143,0.13497740963855423,0.14421748569962461,0.6507968899043874,2.2155124419294254,-0.04802426512820814,0.1720025771178942,,
32,5,5178,722,0.15625,0.13943607570490538,1.1205851800554016,0.006925207756232687,0.3882,9999,24,19,16,1.0,INSUFFICIENT_FOR_GATE,CRASH500,CRT_MSS_DISPLACEMENT,wf1,1.5,5,0.0686442028250571,0.3175414959753039,0.05263157894736842,0.30434782608695654,0.13497740963855423,0.14421748569962461,0.3776113322795308,2.1618717488744417,-0.08668369218632775,0.16313848222736832,,
16,2,5178,722,0.125,0.13943607570490538,0.8964681440443213,0.002770083102493075,1.0,9999,24,19,11,2.0,INSUFFICIENT_FOR_GATE,CRASH500,CRT_MSS_DISPLACEMENT_FVG,wf1,1.5,5,0.03497748774324047,0.36022827265758695,0.0,0.36363636363636365,0.13497740963855423,0.14421748569962461,0.0,2.5954499995339235,-0.14091614906832298,0.22337421991875528,,
427,60,5178,722,0.1405152224824356,0.13943607570490538,1.0077393656704314,0.08310249307479224,0.4719,9999,24,19,19,3.0,INSUFFICIENT_FOR_GATE,CRASH500,ATR_COMPRESSION,wf1,1.5,5,0.11074945883413587,0.1766914461327976,0.10605878057685286,0.177886781011781,0.13497740963855423,0.14421748569962461,0.7608986713518195,1.274814630279375,-0.03326765729800631,0.03802245349365723,,
395,66,5178,722,0.1670886075949367,0.13943607570490538,1.1983169115326624,0.09141274238227147,0.0508,9999,24,19,19,3.0,INSUFFICIENT_FOR_GATE,CRASH500,BB_SQUEEZE,wf1,1.5,5,0.13354314298082287,0.20704697325823118,0.1354669155747363,0.20002304147465405,0.13497740963855423,0.14421748569962461,0.9728456610645648,1.4365002409025387,-0.003819418076051896,0.06065467833675318,,
1,0,5178,722,0.0,0.13943607570490538,0.0,0.0,1.0,6384,24,19,1,,INSUFFICIENT_FOR_GATE,CRASH500,CANDLE_COMPRESSION,wf1,1.5,5,0.0,0.7934506856227626,0.0,0.0,0.13497740963855423,0.14421748569962461,0.0,0.0,-0.14405127672423582,-0.1349112426035503,,
167,21,5178,722,0.12574850299401197,0.13943607570490538,0.9018362167631495,0.029085872576177285,1.0,9999,24,19,19,3.0,INSUFFICIENT_FOR_GATE,CRASH500,CANDLE_STRUCTURE,wf1,1.5,5,0.08373775548992612,0.18458972858293476,0.059880239520958084,0.19653179190751446,0.13497740963855423,0.14421748569962461,0.4312723546256182,1.40411543912338,-0.07905677694586627,0.056442311576314554,,
216,42,5178,722,0.19444444444444445,0.13943607570490538,1.394506001846722,0.05817174515235457,0.0056,9999,24,19,19,2.0,INSUFFICIENT_FOR_GATE,CRASH500,SR_ALIGNMENT,wf1,1.5,5,0.147195393107006,0.25237191003911663,0.1497584541062802,0.2391304347826087,0.13497740963855423,0.14421748569962461,1.0871482040868798,1.6947977409504438,0.011983831726185255,0.0978786994109614,,
172,28,5178,722,0.16279069767441862,0.13943607570490538,1.1674933968949301,0.038781163434903045,0.1894,9999,24,19,19,3.0,INSUFFICIENT_FOR_GATE,CRASH500,ATR_BB_COMPRESSION,wf1,1.5,5,0.115096747950002,0.22521809714983637,0.11176306276700625,0.21392284186401805,0.13497740963855423,0.14421748569962461,0.8003585810594985,1.540468889241723,-0.02774090218054035,0.07488253038486178,,
12,2,5178,722,0.16666666666666666,0.13943607570490538,1.1952908587257616,0.002770083102493075,0.362,9999,24,19,9,2.0,INSUFFICIENT_FOR_GATE,CRASH500,CRT_ATR,wf1,1.5,5,0.04696514218385381,0.4480308622529734,0.0,0.3333333333333333,0.13497740963855423,0.14421748569962461,0.0,2.422061924911008,-0.14144953168593064,0.1957095467758079,,
42,8,5178,722,0.19047619047619047,0.13943607570490538,1.3660466956865847,0.0110803324099723,0.1717,9999,24,19,17,3.0,INSUFFICIENT_FOR_GATE,CRASH500,CRT_BB,wf1,1.5,5,0.09982008281647739,0.3330077401003869,0.08689440993788822,0.30236081747709603,0.13497740963855423,0.14421748569962461,0.6255377985353316,2.1422950141822588,-0.051212148615462055,0.16120328958965516,,
0,0,5178,722,,0.13943607570490538,,0.0,1.0,0,24,19,0,,INSUFFICIENT_FOR_GATE,CRASH500,CRT_CANDLE_COMPRESSION,wf1,1.5,5,,,,,0.13497740963855423,0.14421748569962461,,,,,,
4,1,5178,722,0.25,0.13943607570490538,1.7929362880886426,0.0013850415512465374,0.27101010101010103,9899,24,19,4,3.0,INSUFFICIENT_FOR_GATE,CRASH500,CRT_CANDLE_STRUCTURE,wf1,1.5,5,0.04558726080970055,0.6993581574175981,0.0,1.0,0.13497740963855423,0.14421748569962461,0.0,6.972630005809919,-0.1435660294212035,0.8565820553633555,,
4,1,5178,722,0.25,0.13943607570490538,1.7929362880886426,0.0013850415512465374,0.2953103878548404,9616,24,19,3,2.0,INSUFFICIENT_FOR_GATE,CRASH500,CRT_SR,wf1,1.5,5,0.04558726080970055,0.6993581574175981,0.0,1.0,0.13497740963855423,0.14421748569962461,0.0,7.247126436781609,-0.14331210191082802,0.8620142743854085,,
75,24,5178,1199,0.32,0.23155658555426806,1.381951626355296,0.020016680567139282,0.0737,9999,24,19,19,3.0,INSUFFICIENT_FOR_GATE,CRASH500,CRT,wf1,1.5,10,0.22542995034772842,0.4321106329460819,0.19478715728715731,0.4444444444444444,0.22282608695652173,0.24077883830633295,0.852117071510993,1.8841265076442775,-0.03388193906748821,0.208237312746522,,
38,7,5178,1199,0.18421052631578946,0.23155658555426806,0.7955313638558448,0.005838198498748957,1.0,9999,24,19,17,1.0,INSUFFICIENT_FOR_GATE,CRASH500,CRT_MSS,wf1,1.5,10,0.09221765185221271,0.334188580711314,0.09090909090909091,0.29411764705882354,0.22282608695652173,0.24077883830633295,0.3865205331973858,1.2775284598861405,-0.14309466575091573,0.06355046975064021,,
62,17,5178,1199,0.27419354838709675,0.23155658555426806,1.1841319379052435,0.014178482068390326,0.2388,9999,24,19,19,3.0,INSUFFICIENT_FOR_GATE,CRASH500,CRT_DISPLACEMENT,wf1,1.5,10,0.1788106361420204,0.39592539641988966,0.15254237288135594,0.3968370681605974,0.22282608695652173,0.24077883830633295,0.670048272633194,1.6883824928556868,-0.07540853746855863,0.1620591666114225,,
32,6,5178,1199,0.1875,0.23155658555426806,0.8097372810675563,0.0050041701417848205,1.0,9999,24,19,16,1.0,INSUFFICIENT_FOR_GATE,CRASH500,CRT_MSS_DISPLACEMENT,wf1,1.5,10,0.08889544689565954,0.3530915520137596,0.07692307692307693,0.32477477477476824,0.22282608695652173,0.24077883830633295,0.32843659630930117,1.4272693596706754,-0.1574957944081176,0.09791641916475378,,
16,3,5178,1199,0.1875,0.23155658555426806,0.8097372810675563,0.0025020850708924102,1.0,9999,24,19,11,3.0,INSUFFICIENT_FOR_GATE,CRASH500,CRT_MSS_DISPLACEMENT_FVG,wf1,1.5,10,0.06591599071428142,0.4300888096197414,0.0,0.5,0.22282608695652173,0.24077883830633295,0.0,2.1438303087453887,-0.23241269719913948,0.2667551211308328,,
427,102,5178,1199,0.2388758782201405,0.23155658555426806,1.03160908876054,0.08507089241034195,0.3425,9999,24,19,19,5.0,INSUFFICIENT_FOR_GATE,CRASH500,ATR_COMPRESSION,wf1,1.5,10,0.20087411555078477,0.28153409880630376,0.20365155577362282,0.27680878276411974,0.22282608695652173,0.24077883830633295,0.881388738649413,1.1976454774785255,-0.027702390681890215,0.045562713743997375,,
395,109,5178,1199,0.2759493670886076,0.23155658555426806,1.1917146144994248,0.09090909090909091,0.0108,9999,24,19,19,5.0,INSUFFICIENT_FOR_GATE,CRASH500,BB_SQUEEZE,wf1,1.5,10,0.23418634839549052,0.3220282925714774,0.23705722070844687,0.31472551231434476,0.22282608695652173,0.24077883830633295,1.0300104393990446,1.3605084581851228,0.006925050484141337,0.08301333584097013,,
1,0,5178,1199,0.0,0.23155658555426806,0.0,0.0,1.0,6384,24,19,1,,INSUFFICIENT_FOR_GATE,CRASH500,CANDLE_COMPRESSION,wf1,1.5,10,0.0,0.7934506856227626,0.0,0.0,0.22282608695652173,0.24077883830633295,0.0,0.0,-0.24065347875271753,-0.22291953274551177,,
167,32,5178,1199,0.19161676646706588,0.23155658555426806,0.827515943925327,0.026688907422852376,1.0,9999,24,19,19,4.5,INSUFFICIENT_FOR_GATE,CRASH500,CANDLE_STRUCTURE,wf1,1.5,10,0.13912799465875042,0.25797385221728697,0.1360544217687075,0.2601306599229285,0.22282608695652173,0.24077883830633295,0.5980749011655109,1.1105680181542916,-0.09189417873847221,0.025842742425220257,,
216,65,5178,1199,0.30092592592592593,0.23155658555426806,1.299578352330646,0.05421184320266889,0.0014,9999,24,19,19,4.0,INSUFFICIENT_FOR_GATE,CRASH500,SR_ALIGNMENT,wf1,1.5,10,0.24367519342551697,0.3651338071090782,0.25229357798165136,0.3470319634703196,0.22282608695652173,0.24077883830633295,1.100385621558338,1.4890425200903854,0.02306707432238361,0.11328429527670315,,
172,43,5178,1199,0.25,0.23155658555426806,1.079649708090075,0.03586321934945788,0.2718,9999,24,19,19,4.0,INSUFFICIENT_FOR_GATE,CRASH500,ATR_BB_COMPRESSION,wf1,1.5,10,0.19122773441714153,0.3196953403982559,0.18888500388500387,0.31097560975609756,0.22282608695652173,0.24077883830633295,0.8211947569815035,1.334366603126432,-0.04145038774472414,0.07762849887665099,,
12,2,5178,1199,0.16666666666666666,0.23155658555426806,0.71976647206005,0.0016680567139282735,1.0,9999,24,19,9,2.0,INSUFFICIENT_FOR_GATE,CRASH500,CRT_ATR,wf1,1.5,10,0.04696514218385381,0.4480308622529734,0.0,0.3333333333333333,0.22282608695652173,0.24077883830633295,0.0,1.4358995690942444,-0.2324561403508772,0.10124688352620183,,
42,14,5178,1199,0.3333333333333333,0.23155658555426806,1.4395329441201,0.011676396997497914,0.0909,9999,24,19,17,4.0,INSUFFICIENT_FOR_GATE,CRASH500,CRT_BB,wf1,1.5,10,0.2101246707235726,0.48447492623166194,0.16279069767441862,0.48484848484848486,0.22282608695652173,0.24077883830633295,0.7137679289545147,2.0683872246742356,-0.06484950668165357,0.24999794605014966,,
0,0,5178,1199,,0.23155658555426806,,0.0,1.0,0,24,19,0,,INSUFFICIENT_FOR_GATE,CRASH500,CRT_CANDLE_COMPRESSION,wf1,1.5,10,,,,,0.22282608695652173,0.24077883830633295,,,,,,
4,2,5178,1199,0.5,0.23155658555426806,2.15929941618015,0.0016680567139282735,0.14878787878787877,9899,24,19,4,4.5,INSUFFICIENT_FOR_GATE,CRASH500,CRT_CANDLE_STRUCTURE,wf1,1.5,10,0.15003898915214947,0.8499610108478506,0.0,1.0,0.22282608695652173,0.24077883830633295,0.0,4.365862070916848,-0.23577205782950109,0.7709501619368172,,
4,1,5178,1199,0.25,0.23155658555426806,1.079649708090075,0.0008340283569641367,0.42508058646147445,9616,24,19,3,2.0,INSUFFICIENT_FOR_GATE,CRASH500,CRT_SR,wf1,1.5,10,0.04558726080970055,0.6993581574175981,0.0,1.0,0.22282608695652173,0.24077883830633295,0.0,4.325932799256162,-0.23812134502923976,0.7688359837200043,,
75,28,5178,1565,0.37333333333333335,0.302240247199691,1.235220447284345,0.017891373801916934,0.1204,9999,24,19,19,5.5,INSUFFICIENT_FOR_GATE,CRASH500,CRT,wf1,1.5,15,0.2725596912402112,0.48645034885543315,0.25,0.5,0.29294590643274854,0.31326339066339065,0.8310191632532812,1.6334365867000078,-0.050592886135592936,0.19380861036547253,,
38,8,5178,1565,0.21052631578947367,0.302240247199691,0.6965528838069615,0.005111821086261981,1.0,9999,24,19,17,2.0,INSUFFICIENT_FOR_GATE,CRASH500,CRT_MSS,wf1,1.5,15,0.11074791842995879,0.363457794753274,0.1111111111111111,0.3333333333333333,0.29294590643274854,0.31326339066339065,0.3687962903051871,1.1223048867761913,-0.19366263132292147,0.0370847023753172,,
62,20,5178,1565,0.3225806451612903,0.302240247199691,1.0672987735751829,0.012779552715654952,0.3738,9999,24,19,19,3.0,INSUFFICIENT_FOR_GATE,CRASH500,CRT_DISPLACEMENT,wf1,1.5,15,0.21954490651283892,0.44631911907151905,0.1896318732525629,0.45901639344262296,0.29294590643274854,0.31326339066339065,0.6320111116819009,1.492195174873756,-0.10993607156862945,0.15102508830758363,,
32,7,5178,1565,0.21875,0.302240247199691,0.7237619808306709,0.0044728434504792336,1.0,9999,24,19,16,1.0,INSUFFICIENT_FOR_GATE,CRASH500,CRT_MSS_DISPLACEMENT,wf1,1.5,15,0.11023836252604186,0.3875499364924353,0.10344827586206896,0.3793103448275862,0.29294590643274854,0.31326339066339065,0.33583214896948776,1.2561953156645194,-0.2027159694814624,0.0771512576156802,,
16,3,5178,1565,0.1875,0.302240247199691,0.6203674121405751,0.0019169329073482429,1.0,9999,24,19,11,3.0,INSUFFICIENT_FOR_GATE,CRASH500,CRT_MSS_DISPLACEMENT_FVG,wf1,1.5,15,0.06591599071428142,0.4300888096197414,0.0,0.5,0.29294590643274854,0.31326339066339065,0.0,1.640274403902267,-0.30303976016854317,0.19433901416423607,,
427,123,5178,1565,0.28805620608899296,0.302240247199691,0.9530703099864573,0.07859424920127796,1.0,9999,24,19,19,6.0,INSUFFICIENT_FOR_GATE,CRASH500,ATR_COMPRESSION,wf1,1.5,15,0.24714290687819834,0.3327489621739677,0.24705882352941178,0.3276233881143228,0.29294590643274854,0.31326339066339065,0.8279148365624205,1.0711122214327145,-0.05163353621516165,0.0215285115725319,,
395,132,5178,1565,0.3341772151898734,0.302240247199691,1.1056674889796578,0.08434504792332269,0.0379,9999,24,19,19,5.5,INSUFFICIENT_FOR_GATE,CRASH500,BB_SQUEEZE,wf1,1.5,15,0.28945376341036,0.3820949256668874,0.2924281984334204,0.3733698156297369,0.29294590643274854,0.31326339066339065,0.9768638583054108,1.2195844503429645,-0.006930134486278533,0.06683306981031467,,
1,0,5178,1565,0.0,0.302240247199691,0.0,0.0,1.0,6384,24,19,1,,INSUFFICIENT_FOR_GATE,CRASH500,CANDLE_COMPRESSION,wf1,1.5,15,0.0,0.7934506856227626,0.0,0.0,0.29294590643274854,0.31326339066339065,0.0,0.0,-0.3128765060240964,-0.2927247709187925,,
167,44,5178,1565,0.2634730538922156,0.302240247199691,0.8717338485967363,0.028115015974440896,1.0,9999,24,19,19,6.0,INSUFFICIENT_FOR_GATE,CRASH500,CANDLE_STRUCTURE,wf1,1.5,15,0.20252148323755498,0.3350614866964932,0.2062405303030303,0.3254437869822485,0.29294590643274854,0.31326339066339065,0.685471794080192,1.0805252856989527,-0.09494537775008845,0.024289768466629516,,
216,79,5178,1565,0.36574074074074076,0.302240247199691,1.2100993965211218,0.05047923322683706,0.0016,9999,24,19,19,5.0,INSUFFICIENT_FOR_GATE,CRASH500,SR_ALIGNMENT,wf1,1.5,15,0.30437669624250907,0.43179681574593887,0.3175317836455277,0.41148325358851673,0.29294590643274854,0.31326339066339065,1.0555360499722664,1.347838265022996,0.016795065934791874,0.10570787191394769,,
172,54,5178,1565,0.313953488372093,0.302240247199691,1.0387547366074745,0.03450479233226837,0.3592,9999,24,19,19,5.0,INSUFFICIENT_FOR_GATE,CRASH500,ATR_BB_COMPRESSION,wf1,1.5,15,0.2493018834324911,0.38673389317431633,0.24502635491282607,0.37988826815642457,0.29294590643274854,0.31326339066339065,0.8107473885660098,1.2444321946243697,-0.05675226411044868,0.07414759128446215,,
12,2,5178,1565,0.16666666666666666,0.302240247199691,0.5514376996805112,0.0012779552715654952,1.0,9999,24,19,9,2.0,INSUFFICIENT_FOR_GATE,CRASH500,CRT_ATR,wf1,1.5,15,0.04696514218385381,0.4480308622529734,0.0,0.3333333333333333,0.29294590643274854,0.31326339066339065,0.0,1.1015608295916186,-0.30204712244109694,0.03089022757697447,,
42,16,5178,1565,0.38095238095238093,0.302240247199691,1.2604290278411683,0.010223642172523962,0.1425,9999,24,19,17,5.5,INSUFFICIENT_FOR_GATE,CRASH500,CRT_BB,wf1,1.5,15,0.24999725763955144,0.5318595973284732,0.21052631578947367,0.5272979797979794,0.29294590643274854,0.31326339066339065,0.7035875325200172,1.7322282521871102,-0.08884082541103219,0.22315245033974132,,
0,0,5178,1565,,0.302240247199691,,0.0,1.0,0,24,19,0,,INSUFFICIENT_FOR_GATE,CRASH500,CRT_CANDLE_COMPRESSION,wf1,1.5,15,,,,,0.29294590643274854,0.31326339066339065,,,,,,
4,2,5178,1565,0.5,0.302240247199691,1.6543130990415336,0.0012779552715654952,0.21313131313131314,9899,24,19,4,4.5,INSUFFICIENT_FOR_GATE,CRASH500,CRT_CANDLE_STRUCTURE,wf1,1.5,15,0.15003898915214947,0.8499610108478506,0.0,1.0,0.29294590643274854,0.31326339066339065,0.0,3.344901095963646,-0.3074558032282859,0.7010374980587974,,
4,1,5178,1565,0.25,0.302240247199691,0.8271565495207668,0.0006389776357827476,1.0,9616,24,19,3,2.0,INSUFFICIENT_FOR_GATE,CRASH500,CRT_SR,wf1,1.5,15,0.04558726080970055,0.6993581574175981,0.0,1.0,0.29294590643274854,0.31326339066339065,0.0,3.3303734804749006,-0.3100412139378044,0.6997333764405448,,
75,41,5178,2278,0.5466666666666666,0.43993820007724993,1.2425987708516242,0.017998244073748903,0.0363,9999,24,19,19,7.0,INSUFFICIENT_FOR_GATE,CRASH500,CRT,wf1,1.5,30,0.4344837385429269,0.6543020361586779,0.42857142857142855,0.6714285714285714,0.42318942877621835,0.4580637753304408,0.9900058636285674,1.498334330107575,-0.004299172438876625,0.2222696242410659,,
38,15,5178,2278,0.39473684210526316,0.43993820007724993,0.8972552100180213,0.006584723441615452,1.0,9999,24,19,17,12.0,INSUFFICIENT_FOR_GATE,CRASH500,CRT_MSS,wf1,1.5,30,0.25598075748160104,0.5528213200395746,0.25806451612903225,0.5142857142857142,0.42318942877621835,0.4580637753304408,0.5926522598156061,1.175802195278077,-0.17962279690027078,0.07681077352770865,,
62,31,5178,2278,0.5,0.43993820007724993,1.136523266022827,0.013608428446005268,0.1594,9999,24,19,19,7.0,INSUFFICIENT_FOR_GATE,CRASH500,CRT_DISPLACEMENT,wf1,1.5,30,0.3792274119456608,0.6207725880543392,0.37735849056603776,0.6307692307692307,0.42318942877621835,0.4580637753304408,0.8726075069385664,1.3992172688870257,-0.05528971094977796,0.17912536593375572,,
32,12,5178,2278,0.375,0.43993820007724993,0.8523924495171202,0.0052677787532923615,1.0,9999,24,19,16,9.5,INSUFFICIENT_FOR_GATE,CRASH500,CRT_MSS_DISPLACEMENT,wf1,1.5,30,0.22933887309454212,0.5474559264692255,0.23333333333333334,0.5172413793103449,0.42318942877621835,0.4580637753304408,0.5356041849428128,1.1629340958991725,-0.20232042417430202,0.07162496921669052,,
16,6,5178,2278,0.375,0.43993820007724993,0.8523924495171202,0.0026338893766461808,1.0,9999,24,19,11,12.0,INSUFFICIENT_FOR_GATE,CRASH500,CRT_MSS_DISPLACEMENT_FVG,wf1,1.5,30,0.18481232558863633,0.6135895945449727,0.17647058823529413,0.6430672268907532,0.42318942877621835,0.4580637753304408,0.39937387086779813,1.4807821303887394,-0.265211772638117,0.21197663709626724,,
427,184,5178,2278,0.4309133489461358,0.43993820007724993,0.9794860934341928,0.08077260755048288,1.0,9999,24,19,19,9.0,INSUFFICIENT_FOR_GATE,CRASH500,ATR_COMPRESSION,wf1,1.5,30,0.38476538633959423,0.4782932892077969,0.38308201920986323,0.4751131221719457,0.42318942877621835,0.4580637753304408,0.8918747479411876,1.0584342779143434,-0.046775926019890036,0.02576297024717675,,
395,189,5178,2278,0.47848101265822784,0.43993820007724993,1.0876096064724774,0.08296751536435469,0.0311,9999,24,19,19,8.0,INSUFFICIENT_FOR_GATE,CRASH500,BB_SQUEEZE,wf1,1.5,30,0.4296630887703558,0.5277134586671495,0.4311159633344863,0.5295566502463054,0.42318942877621835,0.4580637753304408,0.998232548484753,1.1765560689527947,-0.0007554432113817509,0.0789242666981637,,
1,0,5178,2278,0.0,0.43993820007724993,0.0,0.0,1.0,6384,24,19,1,,INSUFFICIENT_FOR_GATE,CRASH500,CANDLE_COMPRESSION,wf1,1.5,30,0.0,0.7934506856227626,0.0,0.0,0.42318942877621835,0.4580637753304408,0.0,0.0,-0.45757958935087006,-0.42322315578101877,,
167,62,5178,2278,0.3712574850299401,0.43993820007724993,0.8438855388432966,0.027216856892010536,1.0,9999,24,19,19,10.0,INSUFFICIENT_FOR_GATE,CRASH500,CANDLE_STRUCTURE,wf1,1.5,30,0.3016466687043365,0.4466579858167276,0.31097560975609756,0.43558282208588955,0.42318942877621835,0.4580637753304408,0.7063561512076743,1.0014833668574963,-0.12979279210825584,0.0006446210003949768,,
216,105,5178,2278,0.4861111111111111,0.43993820007724993,1.1049531752999706,0.046093064091308165,0.0437,9999,24,19,19,8.0,INSUFFICIENT_FOR_GATE,CRASH500,SR_ALIGNMENT,wf1,1.5,30,0.42028466897921146,0.5524229357092487,0.4345782159808191,0.5374571093352222,0.42318942877621835,0.4580637753304408,0.9861741458809749,1.2241056762354936,-0.006072064688901654,0.09761007660074904,,
172,75,5178,2278,0.436046511627907,0.43993820007724993,0.9911540110664189,0.03292361720807726,1.0,9999,24,19,19,9.0,INSUFFICIENT_FOR_GATE,CRASH500,ATR_BB_COMPRESSION,wf1,1.5,30,0.3641351394653982,0.5107521587431919,0.35365853658536583,0.52,0.42318942877621835,0.4580637753304408,0.815514635309754,1.1667497894969134,-0.08072617252060757,0.07421993742511325,,
12,9,5178,2278,0.75,0.43993820007724993,1.7047848990342405,0.003950834064969272,0.0001,9999,24,19,9,22.0,INSUFFICIENT_FOR_GATE,CRASH500,CRT_ATR,wf1,1.5,30,0.46769466506643426,0.9110583316059453,0.5,1.0,0.42318942877621835,0.4580637753304408,1.1319312420432313,2.2447946226569937,0.058277039812291855,0.5545249476075397,,
42,25,5178,2278,0.5952380952380952,0.43993820007724993,1.3530038881224131,0.010974539069359086,0.0064,9999,24,19,17,8.0,INSUFFICIENT_FOR_GATE,CRASH500,CRT_BB,wf1,1.5,30,0.44494312750039344,0.7295713885251867,0.47368421052631576,0.725,0.42318942877621835,0.4580637753304408,1.0997613342031973,1.6030501618628181,0.04289269713055916,0.2722298534798534,,
0,0,5178,2278,,0.43993820007724993,,0.0,1.0,0,24,19,0,,INSUFFICIENT_FOR_GATE,CRASH500,CRT_CANDLE_COMPRESSION,wf1,1.5,30,,,,,0.42318942877621835,0.4580637753304408,,,,,,
4,3,5178,2278,0.75,0.43993820007724993,1.7047848990342405,0.0013169446883230904,0.00010101010101010101,9899,24,19,4,6.0,INSUFFICIENT_FOR_GATE,CRASH500,CRT_CANDLE_STRUCTURE,wf1,1.5,30,0.30064184258240184,0.9544127391902995,0.0,1.0,0.42318942877621835,0.4580637753304408,0.0,2.3429634059066697,-0.4311808588479066,0.5731900897643154,,
4,3,5178,2278,0.75,0.43993820007724993,1.7047848990342405,0.0013169446883230904,0.00010398253093480295,9616,24,19,3,20.0,INSUFFICIENT_FOR_GATE,CRASH500,CRT_SR,wf1,1.5,30,0.30064184258240184,0.9544127391902995,0.5,1.0,0.42318942877621835,0.4580637753304408,1.1214285714285714,2.3406910869998208,0.05414012738853502,0.5727757473798198,,
75,10,5178,440,0.13333333333333333,0.08497489378138277,1.569090909090909,0.022727272727272728,0.1177,9999,24,19,19,3.0,INSUFFICIENT_FOR_GATE,CRASH500,CRT,wf1,2.0,5,0.07406584704043956,0.2283316374469514,0.06171889838556505,0.21686746987951808,0.08057228915662651,0.0888373889532638,0.7274654448606371,2.540433434419114,-0.023087717501844268,0.13175266716628428,,
38,4,5178,440,0.10526315789473684,0.08497489378138277,1.238755980861244,0.00909090909090909,0.3372,9999,24,19,17,1.0,INSUFFICIENT_FOR_GATE,CRASH500,CRT_MSS,wf1,2.0,5,0.04170257347553526,0.24130521722887316,0.024390243902439025,0.22580645161290322,0.08057228915662651,0.0888373889532638,0.28789944864965894,2.6378056635612452,-0.060517309379073424,0.13916636384487022,,
62,10,5178,440,0.16129032258064516,0.08497489378138277,1.8980938416422286,0.022727272727272728,0.0719,9999,24,19,19,3.0,INSUFFICIENT_FOR_GATE,CRASH500,CRT_DISPLACEMENT,wf1,2.0,5,0.09004068870309086,0.2720633601397744,0.07017543859649122,0.26666666666666666,0.08057228915662651,0.0888373889532638,0.8400597385022923,3.1066285770030255,-0.013424908424908432,0.1805153695450768,,
32,4,5178,440,0.125,0.08497489378138277,1.4710227272727272,0.00909090909090909,0.2535,9999,24,19,16,1.0,INSUFFICIENT_FOR_GATE,CRASH500,CRT_MSS_DISPLACEMENT,wf1,2.0,5,0.04970134387480073,0.2806830548165022,0.029411764705882353,0.2692307692307692,0.08057228915662651,0.0888373889532638,0.3416254593783171,3.211122745990486,-0.056041842439787166,0.18557072093021834,,
16,2,5178,440,0.125,0.08497489378138277,1.4710227272727272,0.004545454545454545,0.3291,9999,24,19,11,2.0,INSUFFICIENT_FOR_GATE,CRASH500,CRT_MSS_DISPLACEMENT_FVG,wf1,2.0,5,0.03497748774324047,0.36022827265758695,0.0,0.36363636363636365,0.08057228915662651,0.0888373889532638,0.0,4.273447679369809,-0.08654926938928438,0.2779833697293004,,
427,41,5178,440,0.09601873536299765,0.08497489378138277,1.1299659357036405,0.09318181818181819,0.2277,9999,24,19,19,3.0,INSUFFICIENT_FOR_GATE,CRASH500,ATR_COMPRESSION,wf1,2.0,5,0.07156913219269077,0.1276722756691726,0.06833490749486083,0.12440191387559808,0.08057228915662651,0.0888373889532638,0.8093078553118478,1.4603923833615184,-0.016227592062077537,0.03908446941499027,,
395,39,5178,440,0.09873417721518987,0.08497489378138277,1.161921749136939,0.08863636363636364,0.1869,9999,24,19,19,3.0,INSUFFICIENT_FOR_GATE,CRASH500,BB_SQUEEZE,wf1,2.0,5,0.07306922579119214,0.13212874701405558,0.07177033492822966,0.13238994313462396,0.08057228915662651,0.0888373889532638,0.8463381063964269,1.5630528213901078,-0.01309766305834835,0.04757948134977438,,
1,0,5178,440,0.0,0.08497489378138277,0.0,0.0,1.0,6384,24,19,1,,INSUFFICIENT_FOR_GATE,CRASH500,CANDLE_COMPRESSION,wf1,2.0,5,0.0,0.7934506856227626,0.0,0.0,0.08057228915662651,0.0888373889532638,0.0,0.0,-0.08800922367409685,-0.08019452096290508,,
167,13,5178,440,0.07784431137724551,0.08497489378138277,0.9160860097985847,0.029545454545454545,1.0,9999,24,19,19,4.0,INSUFFICIENT_FOR_GATE,CRASH500,CANDLE_STRUCTURE,wf1,2.0,5,0.04605451531521136,0.12861888671897576,0.031046315466605325,0.1276595744680851,0.08057228915662651,0.0888373889532638,0.36791271423032074,1.4853839165326959,-0.05333695459145498,0.04135314453470311,,
216,25,5178,440,0.11574074074074074,0.08497489378138277,1.3620580808080809,0.056818181818181816,0.1069,9999,24,19,19,3.0,INSUFFICIENT_FOR_GATE,CRASH500,SR_ALIGNMENT,wf1,2.0,5,0.07963658437506893,0.16527381200566107,0.06779661016949153,0.16666666666666666,0.08057228915662651,0.0888373889532638,0.819717382580265,1.913776962017175,-0.015040168340439508,0.07933560487938537,,
172,19,5178,440,0.11046511627906977,0.08497489378138277,1.2999735729386892,0.04318181818181818,0.1247,9999,24,19,19,3.0,INSUFFICIENT_FOR_GATE,CRASH500,ATR_BB_COMPRESSION,wf1,2.0,5,0.07186788161306887,0.1660820256574341,0.06874107142857144,0.15254237288135594,0.08057228915662651,0.0888373889532638,0.8033013102440648,1.8077711138567327,-0.016770637108470578,0.06774806284315633,,
12,1,5178,440,0.08333333333333333,0.08497489378138277,0.9806818181818181,0.0022727272727272726,1.0,9999,24,19,9,1.0,INSUFFICIENT_FOR_GATE,CRASH500,CRT_ATR,wf1,2.0,5,0.014865094404917095,0.35387991114111694,0.0,0.25,0.08057228915662651,0.0888373889532638,0.0,2.8316260098249213,-0.08724058416602613,0.16171150356956077,,
42,5,5178,440,0.11904761904761904,0.08497489378138277,1.400974025974026,0.011363636363636364,0.2209,9999,24,19,17,3.0,INSUFFICIENT_FOR_GATE,CRASH500,CRT_BB,wf1,2.0,5,0.05193803327758237,0.25000390262009675,0.04081632653061224,0.21428571428571427,0.08057228915662651,0.0888373889532638,0.4802918261132704,2.519217679777641,-0.04427451896329945,0.12962347627163043,,
0,0,5178,440,,0.08497489378138277,,0.0,1.0,0,24,19,0,,INSUFFICIENT_FOR_GATE,CRASH500,CRT_CANDLE_COMPRESSION,wf1,2.0,5,,,,,0.08057228915662651,0.0888373889532638,,,,,,
4,0,5178,440,0.0,0.08497489378138277,0.0,0.0,1.0,9899,24,19,4,,INSUFFICIENT_FOR_GATE,CRASH500,CRT_CANDLE_STRUCTURE,wf1,2.0,5,0.0,0.4898908364545973,0.0,0.0,0.08057228915662651,0.0888373889532638,0.0,0.0,-0.08881578947368421,-0.08055124223602485,,
4,0,5178,440,0.0,0.08497489378138277,0.0,0.0,1.0,9616,24,19,3,,INSUFFICIENT_FOR_GATE,CRASH500,CRT_SR,wf1,2.0,5,0.0,0.4898908364545973,0.0,0.0,0.08057228915662651,0.0888373889532638,0.0,0.0,-0.0888373889532638,-0.08053985604708407,,
75,20,5178,838,0.26666666666666666,0.16183854770181538,1.6477326968973747,0.02386634844868735,0.0403,9999,24,19,19,5.5,INSUFFICIENT_FOR_GATE,CRASH500,CRT,wf1,2.0,10,0.17976313631473848,0.3763079901772376,0.14516129032258066,0.3857467532467528,0.1522428868645974,0.17149478563151796,0.9040887140759387,2.351002304357609,-0.015549825015760656,0.22085859737918764,,
38,6,5178,838,0.15789473684210525,0.16183854770181538,0.9756312021102875,0.007159904534606206,1.0,9999,24,19,17,2.0,INSUFFICIENT_FOR_GATE,CRASH500,CRT_MSS,wf1,2.0,10,0.07443863415158927,0.3041681177922313,0.0625,0.28,0.1522428868645974,0.17149478563151796,0.3909898024804777,1.7209923683803423,-0.09740142767633371,0.11769231801619545,,
62,15,5178,838,0.24193548387096775,0.16183854770181538,1.4949187774270536,0.017899761336515514,0.0986,9999,24,19,19,3.0,INSUFFICIENT_FOR_GATE,CRASH500,CRT_DISPLACEMENT,wf1,2.0,10,0.15245896205333753,0.3615250751602741,0.12307692307692308,0.36764705882352944,0.1522428868645974,0.17149478563151796,0.7728280617899171,2.2351760919872663,-0.03693978887343011,0.20273444344079714,,
32,5,5178,838,0.15625,0.16183854770181538,0.9654683770883055,0.0059665871121718375,1.0,9999,24,19,16,1.0,INSUFFICIENT_FOR_GATE,CRASH500,CRT_MSS_DISPLACEMENT,wf1,2.0,10,0.0686442028250571,0.3175414959753039,0.05263157894736842,0.30434782608695654,0.1522428868645974,0.17149478563151796,0.32282296974922253,1.8587664670658672,-0.10936672589186178,0.13946864486864463,,
16,2,5178,838,0.125,0.16183854770181538,0.7723747016706444,0.002386634844868735,1.0,9999,24,19,11,2.0,INSUFFICIENT_FOR_GATE,CRASH500,CRT_MSS_DISPLACEMENT_FVG,wf1,2.0,10,0.03497748774324047,0.36022827265758695,0.0,0.36363636363636365,0.1522428868645974,0.17149478563151796,0.0,2.2534616683552855,-0.16498740281213564,0.20090691499765276,,
427,76,5178,838,0.17798594847775176,0.16183854770181538,1.0997747508565616,0.09069212410501193,0.0948,9999,24,19,19,5.0,INSUFFICIENT_FOR_GATE,CRASH500,ATR_COMPRESSION,wf1,2.0,10,0.14462529956353587,0.21708886612345674,0.1473429951690821,0.20750760131617307,0.1522428868645974,0.17149478563151796,0.9470836170181686,1.242541863224938,-0.008302463499589817,0.04008982809523605,,
395,70,5178,838,0.17721518987341772,0.16183854770181538,1.0950122352799008,0.08353221957040573,0.1648,9999,24,19,19,5.0,INSUFFICIENT_FOR_GATE,CRASH500,BB_SQUEEZE,wf1,2.0,10,0.14272037754438308,0.21792783401819785,0.14427860696517414,0.21369971446127153,0.1522428868645974,0.17149478563151796,0.9157533664824544,1.2867995477893193,-0.013482927464143687,0.047272634321265224,,
1,0,5178,838,0.0,0.16183854770181538,0.0,0.0,1.0,6384,24,19,1,,INSUFFICIENT_FOR_GATE,CRASH500,CANDLE_COMPRESSION,wf1,2.0,10,0.0,0.7934506856227626,0.0,0.0,0.1522428868645974,0.17149478563151796,0.0,0.0,-0.1697264893218434,-0.1514066096229277,,
167,23,5178,838,0.1377245508982036,0.16183854770181538,0.8509996713017878,0.027446300715990454,1.0,9999,24,19,19,5.0,INSUFFICIENT_FOR_GATE,CRASH500,CANDLE_STRUCTURE,wf1,2.0,10,0.09355742548296513,0.1981835790995642,0.08974358974358974,0.18421787709497195,0.1522428868645974,0.17149478563151796,0.5758811529598429,1.1125057809590886,-0.06611172105524277,0.018511021541644086,,
216,47,5178,838,0.2175925925925926,0.16183854770181538,1.344504110315566,0.05608591885441527,0.0141,9999,24,19,19,5.0,INSUFFICIENT_FOR_GATE,CRASH500,SR_ALIGNMENT,wf1,2.0,10,0.16776243779763317,0.2772921908677226,0.15999086757990869,0.2727463712757827,0.1522428868645974,0.17149478563151796,1.0073261357735803,1.641291905112806,0.0011533044964390868,0.1061854889938529,,
172,29,5178,838,0.1686046511627907,0.16183854770181538,1.0418077371371481,0.034606205250596656,0.4013,9999,24,19,19,5.0,INSUFFICIENT_FOR_GATE,CRASH500,ATR_BB_COMPRESSION,wf1,2.0,10,0.12003447343000732,0.23165425365086834,0.1130952380952381,0.22413793103448276,0.1522428868645974,0.17149478563151796,0.7110617317402733,1.3615458974894306,-0.04612437424132714,0.059351685513721185,,
12,1,5178,838,0.08333333333333333,0.16183854770181538,0.5149164677804295,0.0011933174224343676,1.0,9999,24,19,9,1.0,INSUFFICIENT_FOR_GATE,CRASH500,CRT_ATR,wf1,2.0,10,0.014865094404917095,0.35387991114111694,0.0,0.25,0.1522428868645974,0.17149478563151796,0.0,1.4694180264297458,-0.16679515678837054,0.07967361915797591,,
42,12,5178,838,0.2857142857142857,0.16183854770181538,1.7654278895329012,0.014319809069212411,0.0468,9999,24,19,17,7.0,INSUFFICIENT_FOR_GATE,CRASH500,CRT_BB,wf1,2.0,10,0.17167024626049077,0.4356720926819536,0.12121212121212122,0.43243243243243246,0.1522428868645974,0.17149478563151796,0.758312285071052,2.650502255153537,-0.03838706112597596,0.26903071938172884,,
0,0,5178,838,,0.16183854770181538,,0.0,1.0,0,24,19,0,,INSUFFICIENT_FOR_GATE,CRASH500,CRT_CANDLE_COMPRESSION,wf1,2.0,10,,,,,0.1522428868645974,0.17149478563151796,,,,,,
4,0,5178,838,0.0,0.16183854770181538,0.0,0.0,1.0,9899,24,19,4,,INSUFFICIENT_FOR_GATE,CRASH500,CRT_CANDLE_STRUCTURE,wf1,2.0,10,0.0,0.4898908364545973,0.0,0.0,0.1522428868645974,0.17149478563151796,0.0,0.0,-0.17144651524344,-0.15219143246721503,,
4,0,5178,838,0.0,0.16183854770181538,0.0,0.0,1.0,9616,24,19,3,,INSUFFICIENT_FOR_GATE,CRASH500,CRT_SR,wf1,2.0,10,0.0,0.4898908364545973,0.0,0.0,0.1522428868645974,0.17149478563151796,0.0,0.0,-0.17145038614186764,-0.15220633850350654,,
75,23,5178,1157,0.30666666666666664,0.2234453456933179,1.3724459809853067,0.019878997407087293,0.0822,9999,24,19,19,7.0,INSUFFICIENT_FOR_GATE,CRASH500,CRT,wf1,2.0,15,0.21386867086778077,0.4183045482255708,0.18666666666666668,0.4264705882352941,0.21332275971451228,0.23391812865497075,0.8392277660308392,1.8983979740512036,-0.035519058541883926,0.20118333884760498,,
38,6,5178,1157,0.15789473684210525,0.2234453456933179,0.7066369467315652,0.005185825410544511,1.0,9999,24,19,17,2.0,INSUFFICIENT_FOR_GATE,CRASH500,CRT_MSS,wf1,2.0,15,0.07443863415158927,0.3041681177922313,0.0625,0.28,0.21332275971451228,0.23391812865497075,0.28187506681255386,1.249990452145693,-0.1608215600497227,0.05573478098548566,,
62,17,5178,1157,0.27419354838709675,0.2234453456933179,1.2271168483564279,0.014693171996542784,0.231,9999,24,19,19,3.0,INSUFFICIENT_FOR_GATE,CRASH500,CRT_DISPLACEMENT,wf1,2.0,15,0.1788106361420204,0.39592539641988966,0.14033333333333334,0.41379310344827586,0.21332275971451228,0.23391812865497075,0.6366772463393151,1.8208407000152507,-0.08056152734399015,0.18657865915866573,,
32,5,5178,1157,0.15625,0.2234453456933179,0.6992761452031114,0.00432152117545376,1.0,9999,24,19,16,1.0,INSUFFICIENT_FOR_GATE,CRASH500,CRT_MSS_DISPLACEMENT,wf1,2.0,15,0.0686442028250571,0.3175414959753039,0.05263157894736842,0.30434782608695654,0.21332275971451228,0.23391812865497075,0.2332210923541775,1.3483711526689017,-0.17270375457875456,0.07846772705720062,,
16,2,5178,1157,0.125,0.2234453456933179,0.5594209161624891,0.001728608470181504,1.0,9999,24,19,11,2.0,INSUFFICIENT_FOR_GATE,CRASH500,CRT_MSS_DISPLACEMENT_FVG,wf1,2.0,15,0.03497748774324047,0.36022827265758695,0.0,0.36363636363636365,0.21332275971451228,0.23391812865497075,0.0,1.6257662152811465,-0.22797999367226437,0.13943795833182113,,
427,100,5178,1157,0.234192037470726,0.2234453456933179,1.0480953932786683,0.08643042350907519,0.2301,9999,24,19,19,7.0,INSUFFICIENT_FOR_GATE,CRASH500,ATR_COMPRESSION,wf1,2.0,15,0.1965033374681262,0.276620719298955,0.2,0.2698431822528208,0.21332275971451228,0.23391812865497075,0.9190954281299556,1.1728693323559483,-0.01776724884039414,0.03938443410307243,,
395,95,5178,1157,0.24050632911392406,0.2234453456933179,1.0763541678063082,0.08210890233362143,0.1453,9999,24,19,19,7.0,INSUFFICIENT_FOR_GATE,CRASH500,BB_SQUEEZE,wf1,2.0,15,0.20098692486283692,0.28502438247178696,0.2046626099530064,0.27722772277227725,0.21332275971451228,0.23391812865497075,0.9307762124586152,1.2164318242374585,-0.015348453815699015,0.049073206443506955,,
1,0,5178,1157,0.0,0.2234453456933179,0.0,0.0,1.0,6384,24,19,1,,INSUFFICIENT_FOR_GATE,CRASH500,CANDLE_COMPRESSION,wf1,2.0,15,0.0,0.7934506856227626,0.0,0.0,0.21332275971451228,0.23391812865497075,0.0,0.0,-0.23305082097780408,-0.21291415662650603,,
167,36,5178,1157,0.2155688622754491,0.2234453456933179,0.9647498434418975,0.03111495246326707,1.0,9999,24,19,19,9.0,INSUFFICIENT_FOR_GATE,CRASH500,CANDLE_STRUCTURE,wf1,2.0,15,0.15997105257556704,0.28395783531980723,0.1569767441860465,0.2752808988764045,0.21332275971451228,0.23391812865497075,0.712442969175787,1.244301423912495,-0.06373957040988106,0.05387998761937692,,
216,63,5178,1157,0.2916666666666667,0.2234453456933179,1.3053154710458081,0.05445116681071737,0.0007,9999,24,19,19,8.0,INSUFFICIENT_FOR_GATE,CRASH500,SR_ALIGNMENT,wf1,2.0,15,0.23511331144214642,0.3555007588847555,0.24256675667566757,0.33766518569150145,0.21332275971451228,0.23391812865497075,1.0980881185973224,1.4854595114882083,0.0217487785227621,0.1095326175309762,,
172,44,5178,1157,0.2558139534883721,0.2234453456933179,1.1448614098209082,0.03802938634399308,0.1305,9999,24,19,19,6.5,INSUFFICIENT_FOR_GATE,CRASH500,ATR_BB_COMPRESSION,wf1,2.0,15,0.19643852540828272,0.325858431388152,0.1974480388870265,0.313953488372093,0.21332275971451228,0.23391812865497075,0.8867032452709487,1.4016794830662787,-0.02539101849076151,0.08887763893229732,,
12,1,5178,1157,0.08333333333333333,0.2234453456933179,0.37294727744165945,0.000864304235090752,1.0,9999,24,19,9,1.0,INSUFFICIENT_FOR_GATE,CRASH500,CRT_ATR,wf1,2.0,15,0.014865094404917095,0.35387991114111694,0.0,0.25,0.21332275971451228,0.23391812865497075,0.0,1.0707466611999663,-0.2275172943889316,0.016518064364754986,,
42,14,5178,1157,0.3333333333333333,0.2234453456933179,1.4917891097666378,0.012100259291270527,0.0509,9999,24,19,17,7.0,INSUFFICIENT_FOR_GATE,CRASH500,CRT_BB,wf1,2.0,15,0.2101246707235726,0.48447492623166194,0.17236453201970448,0.46511627906976744,0.21332275971451228,0.23391812865497075,0.7802927692454352,2.0792987093997954,-0.049475536402509866,0.2403361652703371,,
0,0,5178,1157,,0.2234453456933179,,0.0,1.0,0,24,19,0,,INSUFFICIENT_FOR_GATE,CRASH500,CRT_CANDLE_COMPRESSION,wf1,2.0,15,,,,,0.21332275971451228,0.23391812865497075,,,,,,
4,0,5178,1157,0.0,0.2234453456933179,0.0,0.0,1.0,9899,24,19,4,,INSUFFICIENT_FOR_GATE,CRASH500,CRT_CANDLE_STRUCTURE,wf1,2.0,15,0.0,0.4898908364545973,0.0,0.0,0.21332275971451228,0.23391812865497075,0.0,0.0,-0.23386710211029993,-0.21334134615384615,,
4,0,5178,1157,0.0,0.2234453456933179,0.0,0.0,1.0,9616,24,19,3,,INSUFFICIENT_FOR_GATE,CRASH500,CRT_SR,wf1,2.0,15,0.0,0.4898908364545973,0.0,0.0,0.21332275971451228,0.23391812865497075,0.0,0.0,-0.23380363210703872,-0.21331521739130435,,
75,33,5178,1861,0.44,0.3594051757435303,1.2242450295540033,0.017732401934443847,0.0831,9999,24,19,19,9.0,INSUFFICIENT_FOR_GATE,CRASH500,CRT,wf1,2.0,30,0.3333145749124916,0.5525322861854451,0.3222128060263654,0.5625,0.3418081673201294,0.37701767870868563,0.9111355680381403,1.532846114098366,-0.03177073380951319,0.19492999041018846,,
38,11,5178,1861,0.2894736842105263,0.3594051757435303,0.8054243615486864,0.005910800644814616,1.0,9999,24,19,17,9.0,INSUFFICIENT_FOR_GATE,CRASH500,CRT_MSS,wf1,2.0,30,0.17003277828483065,0.44757137675752057,0.1794871794871795,0.40540540540540543,0.3418081673201294,0.37701767870868563,0.49325689602165773,1.1496983828866105,-0.18473446052808576,0.05262217926040985,,
62,24,5178,1861,0.3870967741935484,0.3594051757435303,1.0770484130973634,0.012896292315959162,0.356,9999,24,19,19,8.5,INSUFFICIENT_FOR_GATE,CRASH500,CRT_DISPLACEMENT,wf1,2.0,30,0.27584645167113864,0.5115215646098165,0.23728813559322035,0.541017759562841,0.3418081673201294,0.37701767870868563,0.6797616519813389,1.4666445685289695,-0.11270897800678539,0.17132537408859863,,
32,8,5178,1861,0.25,0.3594051757435303,0.6955937667920473,0.004298764105319721,1.0,9999,24,19,16,6.0,INSUFFICIENT_FOR_GATE,CRASH500,CRT_MSS_DISPLACEMENT,wf1,2.0,30,0.1325240091850904,0.4210655899424448,0.14705882352941177,0.3793103448275862,0.3418081673201294,0.37701767870868563,0.4101740178829217,1.0572770662742466,-0.21167545600111387,0.020856190511958143,,
16,4,5178,1861,0.25,0.3594051757435303,0.6955937667920473,0.0021493820526598604,1.0,9999,24,19,11,11.5,INSUFFICIENT_FOR_GATE,CRASH500,CRT_MSS_DISPLACEMENT_FVG,wf1,2.0,30,0.10182067491213048,0.49498316535508774,0.058823529411764705,0.5384615384615384,0.3418081673201294,0.37701767870868563,0.16644248216747481,1.5008271070872534,-0.29883941876101694,0.18006003185992167,,
427,157,5178,1861,0.36768149882903983,0.3594051757435303,1.02302783500095,0.08436324556689952,0.3245,9999,24,19,19,11.0,INSUFFICIENT_FOR_GATE,CRASH500,ATR_COMPRESSION,wf1,2.0,30,0.3233164598638478,0.4144060882184438,0.3212669683257919,0.41766548884687305,0.3418081673201294,0.37701767870868563,0.9179926256173194,1.1337212942368073,-0.028651230000692866,0.04877926240545422,,
395,146,5178,1861,0.369620253164557,0.3594051757435303,1.0284221767254573,0.0784524449220849,0.3477,9999,24,19,19,11.0,INSUFFICIENT_FOR_GATE,CRASH500,BB_SQUEEZE,wf1,2.0,30,0.32348680009402814,0.41826522261556337,0.3124924334140436,0.42676767676767674,0.3418081673201294,0.37701767870868563,0.8892278362544345,1.1592444380571156,-0.0392473793144812,0.058294301935213295,,
1,0,5178,1861,0.0,0.3594051757435303,0.0,0.0,1.0,6384,24,19,1,,INSUFFICIENT_FOR_GATE,CRASH500,CANDLE_COMPRESSION,wf1,2.0,30,0.0,0.7934506856227626,0.0,0.0,0.3418081673201294,0.37701767870868563,0.0,0.0,-0.3760321690775346,-0.34151280898399056,,
167,54,5178,1861,0.32335329341317365,0.3594051757435303,0.8996901414795342,0.029016657710908115,1.0,9999,24,19,19,12.0,INSUFFICIENT_FOR_GATE,CRASH500,CANDLE_STRUCTURE,wf1,2.0,30,0.25707205175547987,0.39757852072691047,0.2606060606060606,0.3832385229540918,0.3418081673201294,0.37701767870868563,0.7235217706859007,1.0894499360601184,-0.10042722786825008,0.03108585021709267,,
216,90,5178,1861,0.4166666666666667,0.3594051757435303,1.1593229446534121,0.04836109618484686,0.0041,9999,24,19,19,10.0,INSUFFICIENT_FOR_GATE,CRASH500,SR_ALIGNMENT,wf1,2.0,30,0.3529367960490268,0.4833088320817341,0.3700418502202643,0.46634615384615385,0.3418081673201294,0.37701767870868563,1.0487320559429185,1.271065928318581,0.0173501776469829,0.09850774260204068,,
172,62,5178,1861,0.36046511627906974,0.3594051757435303,1.002949152118766,0.03331542181622783,0.4795,9999,24,19,19,11.0,INSUFFICIENT_FOR_GATE,CRASH500,ATR_BB_COMPRESSION,wf1,2.0,30,0.29248183619855067,0.4345449962565549,0.2806910569105691,0.4444444444444444,0.3418081673201294,0.37701767870868563,0.7956012600914653,1.2189203356154705,-0.07247037501020981,0.07936672024221535,,
12,7,5178,1861,0.5833333333333334,0.3594051757435303,1.6230521225147772,0.0037614185921547557,0.0346,9999,24,19,9,22.0,INSUFFICIENT_FOR_GATE,CRASH500,CRT_ATR,wf1,2.0,30,0.31951131254954973,0.8067396863412435,0.3,0.8333333333333334,0.3418081673201294,0.37701767870868563,0.8636024535809019,2.278905446239464,-0.047828312502225544,0.46195215740584683,,
42,20,5178,1861,0.47619047619047616,0.3594051757435303,1.324940508175328,0.010746910263299301,0.021,9999,24,19,17,9.0,INSUFFICIENT_FOR_GATE,CRASH500,CRT_BB,wf1,2.0,30,0.3335960123070547,0.6227753586865502,0.3333333333333333,0.5957446808510638,0.3418081673201294,0.37701767870868563,0.9299246277835108,1.6265962319682916,-0.024980517912768115,0.2283156830784441,,
0,0,5178,1861,,0.3594051757435303,,0.0,1.0,0,24,19,0,,INSUFFICIENT_FOR_GATE,CRASH500,CRT_CANDLE_COMPRESSION,wf1,2.0,30,,,,,0.3418081673201294,0.37701767870868563,,,,,,
4,2,5178,1861,0.5,0.3594051757435303,1.3911875335840946,0.0010746910263299302,0.3339393939393939,9899,24,19,4,22.5,INSUFFICIENT_FOR_GATE,CRASH500,CRT_CANDLE_STRUCTURE,wf1,2.0,30,0.15003898915214947,0.8499610108478506,0.0,1.0,0.3418081673201294,0.37701767870868563,0.0,2.825620059219708,-0.36739211769131747,0.646095375162313,,
4,2,5178,1861,0.5,0.3594051757435303,1.3911875335840946,0.0010746910263299302,0.2611001351772902,9616,24,19,3,24.5,INSUFFICIENT_FOR_GATE,CRASH500,CRT_SR,wf1,2.0,30,0.15003898915214947,0.8499610108478506,0.0,1.0,0.3418081673201294,0.37701767870868563,0.0,2.7992819269794786,-0.36292997318088616,0.6427655280155997,,
75,2,5178,145,0.02666666666666667,0.028003089996137504,0.9522758620689656,0.013793103448275862,1.0,9999,24,19,19,3.0,INSUFFICIENT_FOR_GATE,CRASH500,CRT,wf1,3.0,5,0.0073436890061313945,0.09211488187759151,0.0,0.07042253521126761,0.02390813253012048,0.03205870992661259,0.0,2.445046426830966,-0.028896810920616012,0.04165946261626485,,
38,1,5178,145,0.02631578947368421,0.028003089996137504,0.9397459165154265,0.006896551724137931,1.0,9999,24,19,17,3.0,INSUFFICIENT_FOR_GATE,CRASH500,CRT_MSS,wf1,3.0,5,0.004660587685768797,0.13494876115952129,0.0,0.1,0.02390813253012048,0.03205870992661259,0.0,3.3641431329653564,-0.030120481927710843,0.07017268369648465,,
62,2,5178,145,0.03225806451612903,0.028003089996137504,1.1519466073414906,0.013793103448275862,0.3797,9999,24,19,19,3.0,INSUFFICIENT_FOR_GATE,CRASH500,CRT_DISPLACEMENT,wf1,3.0,5,0.008891371499816642,0.11020469594985441,0.0,0.08163265306122448,0.02390813253012048,0.03205870992661259,0.0,2.742657351929452,-0.028326023391812866,0.05173927566953459,,
32,1,5178,145,0.03125,0.028003089996137504,1.115948275862069,0.006896551724137931,0.4019,9999,24,19,16,3.0,INSUFFICIENT_FOR_GATE,CRASH500,CRT_MSS_DISPLACEMENT,wf1,3.0,5,0.005537860164003122,0.15744263820012558,0.0,0.12,0.02390813253012048,0.03205870992661259,0.0,4.084473902236947,-0.030120481927710843,0.08970938743342981,,
16,0,5178,145,0.0,0.028003089996137504,0.0,0.0,1.0,9999,24,19,11,,INSUFFICIENT_FOR_GATE,CRASH500,CRT_MSS_DISPLACEMENT_FVG,wf1,3.0,5,0.0,0.1936076805344365,0.0,0.0,0.02390813253012048,0.03205870992661259,0.0,0.0,-0.03205870992661259,-0.02390813253012048,,
427,14,5178,145,0.03278688524590164,0.028003089996137504,1.1708309779536463,0.09655172413793103,0.276,9999,24,19,19,3.5,INSUFFICIENT_FOR_GATE,CRASH500,ATR_COMPRESSION,wf1,3.0,5,0.01962917390691666,0.05427610648984706,0.017587939698492462,0.04884547272207937,0.02390813253012048,0.03205870992661259,0.6454441018199408,1.7370252982249224,-0.01008084314357677,0.020429443718099335,,
395,16,5178,145,0.04050632911392405,0.028003089996137504,1.4464949803579223,0.1103448275862069,0.1656,9999,24,19,19,3.0,INSUFFICIENT_FOR_GATE,CRASH500,BB_SQUEEZE,wf1,3.0,5,0.025084503586996685,0.06477942110797154,0.01690787235490236,0.06930693069306931,0.02390813253012048,0.03205870992661259,0.6289523887076535,2.372947836945108,-0.010262737401199838,0.03982269067724125,,
1,0,5178,145,0.0,0.028003089996137504,0.0,0.0,1.0,6384,24,19,1,,INSUFFICIENT_FOR_GATE,CRASH500,CANDLE_COMPRESSION,wf1,3.0,5,0.0,0.7934506856227626,0.0,0.0,0.02390813253012048,0.03205870992661259,0.0,0.0,-0.03162761531394207,-0.02369656761298194,,
167,3,5178,145,0.017964071856287425,0.028003089996137504,0.6415032004955606,0.020689655172413793,1.0,9999,24,19,19,5.0,INSUFFICIENT_FOR_GATE,CRASH500,CANDLE_STRUCTURE,wf1,3.0,5,0.00612790448454182,0.05147789500130303,0.0,0.04371584699453552,0.02390813253012048,0.03205870992661259,0.0,1.5582557927385514,-0.030098280098280097,0.015221392138964668,,
216,10,5178,145,0.046296296296296294,0.028003089996137504,1.6532567049808429,0.06896551724137931,0.1472,9999,24,19,19,3.0,INSUFFICIENT_FOR_GATE,CRASH500,SR_ALIGNMENT,wf1,3.0,5,0.025338742275287277,0.0831096775477433,0.014084507042253521,0.0823045267489712,0.02390813253012048,0.03205870992661259,0.515124717529895,2.8908805197692304,-0.013513691065960703,0.05359434570534471,,
172,8,5178,145,0.046511627906976744,0.028003089996137504,1.6609462710505212,0.05517241379310345,0.1527,9999,24,19,19,3.5,INSUFFICIENT_FOR_GATE,CRASH500,ATR_BB_COMPRESSION,wf1,3.0,5,0.02375382554999153,0.08908337992910144,0.012903225806451613,0.08522727272727272,0.02390813253012048,0.03205870992661259,0.509237587240931,2.9764974100163455,-0.013000971249849043,0.05615196849964645,,
12,0,5178,145,0.0,0.028003089996137504,0.0,0.0,1.0,9999,24,19,9,,INSUFFICIENT_FOR_GATE,CRASH500,CRT_ATR,wf1,3.0,5,2.7755575615628914e-17,0.24249400665524085,0.0,0.0,0.02390813253012048,0.03205870992661259,0.0,0.0,-0.03205870992661259,-0.02390813253012048,,
42,1,5178,145,0.023809523809523808,0.028003089996137504,0.8502463054187192,0.006896551724137931,1.0,9999,24,19,17,3.0,INSUFFICIENT_FOR_GATE,CRASH500,CRT_BB,wf1,3.0,5,0.004215404134432499,0.12321201573766646,0.0,0.08333333333333333,0.02390813253012048,0.03205870992661259,0.0,2.9815371098217804,-0.031287365484256674,0.05443984987378766,,
0,0,5178,145,,0.028003089996137504,,0.0,1.0,0,24,19,0,,INSUFFICIENT_FOR_GATE,CRASH500,CRT_CANDLE_COMPRESSION,wf1,3.0,5,,,,,0.02390813253012048,0.03205870992661259,,,,,,
4,0,5178,145,0.0,0.028003089996137504,0.0,0.0,1.0,9899,24,19,4,,INSUFFICIENT_FOR_GATE,CRASH500,CRT_CANDLE_STRUCTURE,wf1,3.0,5,0.0,0.4898908364545973,0.0,0.0,0.02390813253012048,0.03205870992661259,0.0,0.0,-0.03205870992661259,-0.02390813253012048,,
4,0,5178,145,0.0,0.028003089996137504,0.0,0.0,1.0,9616,24,19,3,,INSUFFICIENT_FOR_GATE,CRASH500,CRT_SR,wf1,3.0,5,0.0,0.4898908364545973,0.0,0.0,0.02390813253012048,0.03205870992661259,0.0,0.0,-0.0320097244732577,-0.023838141025641024,,
75,8,5178,353,0.10666666666666667,0.06817303978370028,1.5646458923512747,0.0226628895184136,0.1224,9999,24,19,19,7.0,INSUFFICIENT_FOR_GATE,CRASH500,CRT,wf1,3.0,10,0.05504912762174319,0.19661362846473074,0.045454545454545456,0.1724137931034483,0.059381245711583694,0.07672280830676233,0.6667049567801075,2.5321361372879045,-0.022903156289924828,0.10401415046263521,,
38,2,5178,353,0.05263157894736842,0.06817303978370028,0.7720292231996421,0.0056657223796034,1.0,9999,24,19,17,5.0,INSUFFICIENT_FOR_GATE,CRASH500,CRT_MSS,wf1,3.0,10,0.014554208147292413,0.17285462131770377,0.0,0.15625,0.059381245711583694,0.07672280830676233,0.0,2.1842038812251565,-0.06891869095816465,0.08402446670793266,,
62,4,5178,353,0.06451612903225806,0.06817303978370028,0.9463584026318194,0.0113314447592068,1.0,9999,24,19,19,4.5,INSUFFICIENT_FOR_GATE,CRASH500,CRT_DISPLACEMENT,wf1,3.0,10,0.025372905520440803,0.15447515727752878,0.014492753623188406,0.14,0.059381245711583694,0.07672280830676233,0.22020032119321434,1.989545941825166,-0.05244680456944608,0.06986446450384998,,
32,2,5178,353,0.0625,0.06817303978370028,0.916784702549575,0.0056657223796034,1.0,9999,24,19,16,5.0,INSUFFICIENT_FOR_GATE,CRASH500,CRT_MSS_DISPLACEMENT,wf1,3.0,10,0.017310567031640967,0.2014712314415458,0.0,0.18518518518518517,0.059381245711583694,0.07672280830676233,0.0,2.649261445898357,-0.06891869095816465,0.11527804254661078,,
16,0,5178,353,0.0,0.06817303978370028,0.0,0.0,1.0,9999,24,19,11,,INSUFFICIENT_FOR_GATE,CRASH500,CRT_MSS_DISPLACEMENT_FVG,wf1,3.0,10,0.0,0.1936076805344365,0.0,0.0,0.059381245711583694,0.07672280830676233,0.0,0.0,-0.07672280830676233,-0.059381245711583756,,
427,33,5178,353,0.07728337236533958,0.06817303978370028,1.1336354167357743,0.09348441926345609,0.1711,9999,24,19,19,6.0,INSUFFICIENT_FOR_GATE,CRASH500,ATR_COMPRESSION,wf1,3.0,10,0.055556822368078296,0.10654795513375556,0.053613053613053616,0.10021810753502093,0.059381245711583694,0.07672280830676233,0.846916135784056,1.394526254110529,-0.009881466827290616,0.02789601272324162,,
395,29,5178,353,0.07341772151898734,0.06817303978370028,1.0769319037544376,0.0821529745042493,0.3574,9999,24,19,19,5.0,INSUFFICIENT_FOR_GATE,CRASH500,BB_SQUEEZE,wf1,3.0,10,0.051601642306604946,0.10345109218982562,0.04381443298969072,0.10913705583756345,0.059381245711583694,0.07672280830676233,0.6570364820637019,1.578442967039646,-0.023564533103820232,0.03949153217120339,,
1,0,5178,353,0.0,0.06817303978370028,0.0,0.0,1.0,6384,24,19,1,,INSUFFICIENT_FOR_GATE,CRASH500,CANDLE_COMPRESSION,wf1,3.0,10,0.0,0.7934506856227626,0.0,0.0,0.059381245711583694,0.07672280830676233,0.0,0.0,-0.07591314427170565,-0.05909617612977984,,
167,7,5178,353,0.041916167664670656,0.06817303978370028,0.6148496208715712,0.019830028328611898,1.0,9999,24,19,19,8.0,INSUFFICIENT_FOR_GATE,CRASH500,CANDLE_STRUCTURE,wf1,3.0,10,0.02045015348713488,0.08398268701804684,0.016304347826086956,0.0718562874251497,0.059381245711583694,0.07672280830676233,0.23560491223661653,1.0391954153039518,-0.05286703154922452,0.0027478892670593094,,
216,28,5178,353,0.12962962962962962,0.06817303978370028,1.901479383065785,0.07932011331444759,0.0023,9999,24,19,19,7.0,INSUFFICIENT_FOR_GATE,CRASH500,SR_ALIGNMENT,wf1,3.0,10,0.09123074281383933,0.18097204887843052,0.08256880733944955,0.17447109594540341,0.059381245711583694,0.07672280830676233,1.2352989851351954,2.5608374721019644,0.01615133427591415,0.1050476855492514,,
172,15,5178,353,0.0872093023255814,0.06817303978370028,1.2792344686738255,0.042492917847025496,0.1532,9999,24,19,19,5.0,INSUFFICIENT_FOR_GATE,CRASH500,ATR_BB_COMPRESSION,wf1,3.0,10,0.05356151623246639,0.1388928631138875,0.04790419161676647,0.1270718232044199,0.059381245711583694,0.07672280830676233,0.7415942435554935,1.790532006084392,-0.017179317055909415,0.0553776820847706,,
12,0,5178,353,0.0,0.06817303978370028,0.0,0.0,1.0,9999,24,19,9,,INSUFFICIENT_FOR_GATE,CRASH500,CRT_ATR,wf1,3.0,10,2.7755575615628914e-17,0.24249400665524085,0.0,0.0,0.059381245711583694,0.07672280830676233,0.0,0.0,-0.07672280830676233,-0.059381245711583756,,
42,5,5178,353,0.11904761904761904,0.06817303978370028,1.7462565762849047,0.014164305949008499,0.1536,9999,24,19,17,7.0,INSUFFICIENT_FOR_GATE,CRASH500,CRT_BB,wf1,3.0,10,0.05193803327758237,0.25000390262009675,0.024390243902439025,0.21951219512195122,0.059381245711583694,0.07672280830676233,0.35211904605046446,3.347930299186421,-0.04616896722245793,0.15318068059891202,,
0,0,5178,353,,0.06817303978370028,,0.0,1.0,0,24,19,0,,INSUFFICIENT_FOR_GATE,CRASH500,CRT_CANDLE_COMPRESSION,wf1,3.0,10,,,,,0.059381245711583694,0.07672280830676233,,,,,,
4,0,5178,353,0.0,0.06817303978370028,0.0,0.0,1.0,9899,24,19,4,,INSUFFICIENT_FOR_GATE,CRASH500,CRT_CANDLE_STRUCTURE,wf1,3.0,10,0.0,0.4898908364545973,0.0,0.0,0.059381245711583694,0.07672280830676233,0.0,0.0,-0.0766717909300538,-0.05938553765455227,,
4,0,5178,353,0.0,0.06817303978370028,0.0,0.0,1.0,9616,24,19,3,,INSUFFICIENT_FOR_GATE,CRASH500,CRT_SR,wf1,3.0,10,0.0,0.4898908364545973,0.0,0.0,0.059381245711583694,0.07672280830676233,0.0,0.0,-0.07667131776697308,-0.05933188836744505,,
75,10,5178,587,0.13333333333333333,0.11336423329470838,1.1761499148211243,0.017035775127768313,0.2576,9999,24,19,19,7.0,INSUFFICIENT_FOR_GATE,CRASH500,CRT,wf1,3.0,15,0.07406584704043956,0.2283316374469514,0.0722461273666093,0.2,0.10124269005847954,0.12509607993850885,0.6419661323844352,1.7176683495351392,-0.04041176434034749,0.08298820034679555,,
38,2,5178,587,0.05263157894736842,0.11336423329470838,0.46426970321886485,0.0034071550255536627,1.0,9999,24,19,17,5.0,INSUFFICIENT_FOR_GATE,CRASH500,CRT_MSS,wf1,3.0,15,0.014554208147292413,0.17285462131770377,0.0,0.15625,0.10124269005847954,0.12509607993850885,0.0,1.3136128553842101,-0.11403508771929824,0.03725968863463446,,
62,5,5178,587,0.08064516129032258,0.11336423329470838,0.7113809968676156,0.008517887563884156,1.0,9999,24,19,19,6.0,INSUFFICIENT_FOR_GATE,CRASH500,CRT_DISPLACEMENT,wf1,3.0,15,0.03493834698599271,0.17528571348612612,0.025957375957375965,0.16666666666666666,0.10124269005847954,0.12509607993850885,0.23419877188789479,1.4218485004289019,-0.08611837568527393,0.04912715506738062,,
32,2,5178,587,0.0625,0.11336423329470838,0.551320272572402,0.0034071550255536627,1.0,9999,24,19,16,5.0,INSUFFICIENT_FOR_GATE,CRASH500,CRT_MSS_DISPLACEMENT,wf1,3.0,15,0.017310567031640967,0.2014712314415458,0.0,0.18518518518518517,0.10124269005847954,0.12509607993850885,0.0,1.5899139789048038,-0.11403508771929824,0.06909488693664147,,
16,0,5178,587,0.0,0.11336423329470838,0.0,0.0,1.0,9999,24,19,11,,INSUFFICIENT_FOR_GATE,CRASH500,CRT_MSS_DISPLACEMENT_FVG,wf1,3.0,15,0.0,0.1936076805344365,0.0,0.0,0.10124269005847954,0.12509607993850885,0.0,0.0,-0.12509607993850885,-0.10124269005847954,,
427,56,5178,587,0.13114754098360656,0.11336423329470838,1.1568687686765158,0.09540034071550256,0.0438,9999,24,19,19,9.0,INSUFFICIENT_FOR_GATE,CRASH500,ATR_COMPRESSION,wf1,3.0,15,0.10239264884297694,0.1664799409439418,0.10411345730755522,0.15753499595335868,0.10124269005847954,0.12509607993850885,0.983310299876936,1.3303913138882744,-0.0018362501123576334,0.038214829674528154,,
395,48,5178,587,0.12151898734177215,0.11336423329470838,1.0719340995838096,0.0817717206132879,0.3268,9999,24,19,19,8.0,INSUFFICIENT_FOR_GATE,CRASH500,BB_SQUEEZE,wf1,3.0,15,0.09289243125772279,0.15743625602546035,0.0835509138381201,0.15915119363395225,0.10124269005847954,0.12509607993850885,0.7629339370399457,1.3743211316786728,-0.02655083548414384,0.04272829559303036,,
1,0,5178,587,0.0,0.11336423329470838,0.0,0.0,1.0,6384,24,19,1,,INSUFFICIENT_FOR_GATE,CRASH500,CANDLE_COMPRESSION,wf1,3.0,15,0.0,0.7934506856227626,0.0,0.0,0.10124269005847954,0.12509607993850885,0.0,0.0,-0.12420382165605096,-0.10100634121167253,,
167,18,5178,587,0.10778443113772455,0.11336423329470838,0.9507798712625857,0.030664395229982964,1.0,9999,24,19,19,11.0,INSUFFICIENT_FOR_GATE,CRASH500,CANDLE_STRUCTURE,wf1,3.0,15,0.0692734688851998,0.16393373442315845,0.06936416184971098,0.14754098360655737,0.10124269005847954,0.12509607993850885,0.6179212488713492,1.2993971116905558,-0.044182413526748836,0.033249194243633526,,
216,35,5178,587,0.16203703703703703,0.11336423329470838,1.4293488548173388,0.059625212947189095,0.0043,9999,24,19,19,8.0,INSUFFICIENT_FOR_GATE,CRASH500,SR_ALIGNMENT,wf1,3.0,15,0.11887643363321398,0.21700861378598224,0.11841397849462365,0.20204064940907016,0.10124269005847954,0.12509607993850885,1.0683149405339187,1.7537986542655704,0.007583299356962779,0.08544943881645119,,
172,28,5178,587,0.16279069767441862,0.11336423329470838,1.4359969890257915,0.04770017035775128,0.0096,9999,24,19,19,9.5,INSUFFICIENT_FOR_GATE,CRASH500,ATR_BB_COMPRESSION,wf1,3.0,15,0.115096747950002,0.22521809714983637,0.11728395061728394,0.20765027322404372,0.10124269005847954,0.12509607993850885,1.062117927308604,1.7940059436806006,0.006849579893455293,0.09084440228402799,,
12,0,5178,587,0.0,0.11336423329470838,0.0,0.0,1.0,9999,24,19,9,,INSUFFICIENT_FOR_GATE,CRASH500,CRT_ATR,wf1,3.0,15,2.7755575615628914e-17,0.24249400665524085,0.0,0.0,0.10124269005847954,0.12509607993850885,0.0,0.0,-0.12509607993850885,-0.10124269005847954,,
42,6,5178,587,0.14285714285714285,0.11336423329470838,1.2601606230226332,0.010221465076660987,0.2657,9999,24,19,17,7.5,INSUFFICIENT_FOR_GATE,CRASH500,CRT_BB,wf1,3.0,15,0.06715967015962647,0.27841089474444775,0.044444444444444446,0.2391304347826087,0.10124269005847954,0.12509607993850885,0.3852625538851276,2.125931004569945,-0.0718505421616122,0.1259552799930645,,
0,0,5178,587,,0.11336423329470838,,0.0,1.0,0,24,19,0,,INSUFFICIENT_FOR_GATE,CRASH500,CRT_CANDLE_COMPRESSION,wf1,3.0,15,,,,,0.10124269005847954,0.12509607993850885,,,,,,
4,0,5178,587,0.0,0.11336423329470838,0.0,0.0,1.0,9899,24,19,4,,INSUFFICIENT_FOR_GATE,CRASH500,CRT_CANDLE_STRUCTURE,wf1,3.0,15,0.0,0.4898908364545973,0.0,0.0,0.10124269005847954,0.12509607993850885,0.0,0.0,-0.12509607993850885,-0.10124269005847954,,
4,0,5178,587,0.0,0.11336423329470838,0.0,0.0,1.0,9616,24,19,3,,INSUFFICIENT_FOR_GATE,CRASH500,CRT_SR,wf1,3.0,15,0.0,0.4898908364545973,0.0,0.0,0.10124269005847954,0.12509607993850885,0.0,0.0,-0.125,-0.10123822877990113,,
75,16,5178,1129,0.21333333333333335,0.21803785245268442,0.9784233835252437,0.0141718334809566,1.0,9999,24,19,19,11.5,INSUFFICIENT_FOR_GATE,CRASH500,CRT,wf1,3.0,30,0.1358020117971739,0.31879965789296816,0.14514960261804583,0.2894736842105263,0.19925580190871028,0.23652014463345158,0.6768999678366636,1.2944835970980448,-0.07055671261404621,0.06551000661159996,,
38,4,5178,1129,0.10526315789473684,0.21803785245268442,0.4827746958183768,0.00354295837023915,1.0,9999,24,19,17,17.5,INSUFFICIENT_FOR_GATE,CRASH500,CRT_MSS,wf1,3.0,30,0.04170257347553526,0.24130521722887316,0.0,0.23255813953488372,0.19925580190871028,0.23652014463345158,0.0,1.0732902542668055,-0.21215114729102746,0.015832318598362705,,
62,10,5178,1129,0.16129032258064516,0.21803785245268442,0.7397354210120289,0.008857395925597875,1.0,9999,24,19,19,16.5,INSUFFICIENT_FOR_GATE,CRASH500,CRT_DISPLACEMENT,wf1,3.0,30,0.09004068870309086,0.2720633601397744,0.08108108108108109,0.26666666666666666,0.19925580190871028,0.23652014463345158,0.38163043220238035,1.1944152456890145,-0.13315625631945063,0.04330759347859319,,
32,3,5178,1129,0.09375,0.21803785245268442,0.42997121346324185,0.002657218777679362,1.0,9999,24,19,16,7.0,INSUFFICIENT_FOR_GATE,CRASH500,CRT_MSS_DISPLACEMENT,wf1,3.0,30,0.032401551298366194,0.24218154728387864,0.0,0.218788109756097,0.19925580190871028,0.23652014463345158,0.0,1.0035641791271732,-0.21196622670807452,0.0007696965441695984,,
16,1,5178,1129,0.0625,0.21803785245268442,0.2866474756421612,0.0008857395925597874,1.0,9999,24,19,11,28.0,INSUFFICIENT_FOR_GATE,CRASH500,CRT_MSS_DISPLACEMENT_FVG,wf1,3.0,30,0.01111934476464252,0.28328737570298945,0.0,0.2,0.19925580190871028,0.23652014463345158,0.0,0.9259031264039548,-0.23199035618089694,-0.015997116831982707,,
427,95,5178,1129,0.2224824355971897,0.21803785245268442,1.020384456618466,0.0841452612931798,0.3882,9999,24,19,19,13.0,INSUFFICIENT_FOR_GATE,CRASH500,ATR_COMPRESSION,wf1,3.0,30,0.18560611786013392,0.26430754493192876,0.17968370752427185,0.26666666666666666,0.19925580190871028,0.23652014463345158,0.8557882377676704,1.1958126782297498,-0.03096436943727075,0.04301452962594669,,
395,94,5178,1129,0.2379746835443038,0.21803785245268442,1.0914374768754695,0.08325952170062002,0.1591,9999,24,19,19,15.0,INSUFFICIENT_FOR_GATE,CRASH500,BB_SQUEEZE,wf1,3.0,30,0.1986297935952279,0.2823669899085143,0.19373144791992958,0.2832101806239737,0.19925580190871028,0.23652014463345158,0.916552625714729,1.2696844791037187,-0.017973008641741006,0.05896217086901017,,
1,0,5178,1129,0.0,0.21803785245268442,0.0,0.0,1.0,6384,24,19,1,,INSUFFICIENT_FOR_GATE,CRASH500,CANDLE_COMPRESSION,wf1,3.0,30,0.0,0.7934506856227626,0.0,0.0,0.19925580190871028,0.23652014463345158,0.0,0.0,-0.23502030863007728,-0.19898370870229437,,
167,35,5178,1129,0.20958083832335328,0.21803785245268442,0.9612130919737142,0.03100088573959256,1.0,9999,24,19,19,15.0,INSUFFICIENT_FOR_GATE,CRASH500,CANDLE_STRUCTURE,wf1,3.0,30,0.15473092932219237,0.2774911983183477,0.15436241610738255,0.26668560606060576,0.19925580190871028,0.23652014463345158,0.704269111280876,1.250767948651227,-0.06613654639973429,0.05330834592768009,,
216,71,5178,1129,0.3287037037037037,0.21803785245268442,1.5075533904143295,0.06288751107174491,0.0001,9999,24,19,19,16.0,INSUFFICIENT_FOR_GATE,CRASH500,SR_ALIGNMENT,wf1,3.0,30,0.2695303554513068,0.3938634357063681,0.275,0.38341968911917096,0.19925580190871028,0.23652014463345158,1.3261493531912436,1.675903447623248,0.06836687230690096,0.15289930736028687,,
172,43,5178,1129,0.25,0.21803785245268442,1.1465899025686448,0.03808680248007086,0.1659,9999,24,19,19,12.0,INSUFFICIENT_FOR_GATE,CRASH500,ATR_BB_COMPRESSION,wf1,3.0,30,0.19122773441714153,0.3196953403982559,0.1832301110969225,0.31868131868131866,0.19925580190871028,0.23652014463345158,0.8534603591850644,1.4412228219956658,-0.03133977906181802,0.09681869887852218,,
12,2,5178,1129,0.16666666666666666,0.21803785245268442,0.7643932683790965,0.001771479185119575,1.0,9999,24,19,9,25.5,INSUFFICIENT_FOR_GATE,CRASH500,CRT_ATR,wf1,3.0,30,0.04696514218385381,0.4480308622529734,0.0,0.3333333333333333,0.19925580190871028,0.23652014463345158,0.0,1.5981706268055955,-0.22655679525365105,0.1254057093759653,,
42,11,5178,1129,0.2619047619047619,0.21803785245268442,1.2011894217385803,0.00974313551815766,0.2286,9999,24,19,17,13.0,INSUFFICIENT_FOR_GATE,CRASH500,CRT_BB,wf1,3.0,30,0.15302640287832983,0.4106873070577196,0.14285714285714285,0.38095238095238093,0.19925580190871028,0.23652014463345158,0.6552369757395642,1.7424661486706348,-0.07503830312817072,0.16103447436113327,,
0,0,5178,1129,,0.21803785245268442,,0.0,1.0,0,24,19,0,,INSUFFICIENT_FOR_GATE,CRASH500,CRT_CANDLE_COMPRESSION,wf1,3.0,30,,,,,0.19925580190871028,0.23652014463345158,,,,,,
4,1,5178,1129,0.25,0.21803785245268442,1.1465899025686448,0.0008857395925597874,0.4070707070707071,9899,24,19,4,23.0,INSUFFICIENT_FOR_GATE,CRASH500,CRT_CANDLE_STRUCTURE,wf1,3.0,30,0.04558726080970055,0.6993581574175981,0.0,1.0,0.19925580190871028,0.23652014463345158,0.0,4.283811596428229,-0.23278221937176877,0.7665628456141839,,
4,0,5178,1129,0.0,0.21803785245268442,0.0,0.0,1.0,9616,24,19,3,,INSUFFICIENT_FOR_GATE,CRASH500,CRT_SR,wf1,3.0,30,0.0,0.4898908364545973,0.0,0.0,0.19925580190871028,0.23652014463345158,0.0,0.0,-0.2363538341141759,-0.19915560923819503,,
66,9,5178,697,0.13636363636363635,0.13460795674005407,1.0130429111777748,0.01291248206599713,0.4839,9999,24,19,19,4.0,INSUFFICIENT_FOR_GATE,CRASH500,CRT,wf2,1.5,5,0.07343320265668933,0.2392959297167952,0.06557377049180328,0.21333333333333335,0.1274472891566265,0.14162607718246534,0.484448459204688,1.599803338077371,-0.06975603419685854,0.0797766479788865,,
29,3,5178,697,0.10344827586206896,0.13460795674005407,0.7685153119279672,0.00430416068866571,1.0,9999,24,19,13,3.0,INSUFFICIENT_FOR_GATE,CRASH500,CRT_MSS,wf2,1.5,5,0.03581489135067707,0.26385081090773804,0.0,0.2,0.1274472891566265,0.14162607718246534,0.0,1.48027019690964,-0.13300861745972276,0.06475050253706356,,
44,7,5178,697,0.1590909090909091,0.13460795674005407,1.1818833963740707,0.010043041606886656,0.2808,9999,24,19,17,3.0,INSUFFICIENT_FOR_GATE,CRASH500,CRT_DISPLACEMENT,wf2,1.5,5,0.0792667701220125,0.29366205062240613,0.075,0.25,0.1274472891566265,0.14162607718246534,0.5556728555076604,1.869377344166229,-0.059637748825893164,0.11631238150655172,,
25,3,5178,697,0.12,0.13460795674005407,0.8914777618364419,0.00430416068866571,1.0,9999,24,19,12,3.0,INSUFFICIENT_FOR_GATE,CRASH500,CRT_MSS_DISPLACEMENT,wf2,1.5,5,0.04166817150440358,0.2995579392092732,0.0,0.2222222222222222,0.1274472891566265,0.14162607718246534,0.0,1.6656845047294482,-0.13300861745972276,0.08884307775421758,,
10,2,5178,697,0.2,0.13460795674005407,1.4857962697274032,0.0028694404591104736,0.2538507701540308,9997,24,19,7,3.0,INSUFFICIENT_FOR_GATE,CRASH500,CRT_MSS_DISPLACEMENT_FVG,wf2,1.5,5,0.05668215145437519,0.5098375284633583,0.0,0.4,0.1274472891566265,0.14162607718246534,0.0,2.9228788379002975,-0.13687955028060064,0.2611433671358799,,
433,58,5178,697,0.13394919168591224,0.13460795674005407,0.9951060466996464,0.08321377331420372,1.0,9999,24,19,19,3.0,INSUFFICIENT_FOR_GATE,CRASH500,ATR_COMPRESSION,wf2,1.5,5,0.10506685622599132,0.1692694193285783,0.10526315789473684,0.1623529411764706,0.1274472891566265,0.14162607718246534,0.798878557837657,1.1769271292698622,-0.02660131951143956,0.024204227431447,,
384,51,5178,697,0.1328125,0.13460795674005407,0.9866615853658537,0.07317073170731707,1.0,9999,24,19,19,2.0,INSUFFICIENT_FOR_GATE,CRASH500,BB_SQUEEZE,wf2,1.5,5,0.10247901828472253,0.17041975623650898,0.10427543872862846,0.1636386886770518,0.1274472891566265,0.14162607718246534,0.7698121316012133,1.2232321608538987,-0.0310312606493906,0.029681555601452202,,
0,0,5178,697,,0.13460795674005407,,0.0,1.0,0,24,19,0,,INSUFFICIENT_FOR_GATE,CRASH500,CANDLE_COMPRESSION,wf2,1.5,5,,,,,0.1274472891566265,0.14162607718246534,,,,,,
140,22,5178,697,0.15714285714285714,0.13460795674005407,1.1674113547858167,0.03156384505021521,0.2298,9999,24,19,19,2.0,INSUFFICIENT_FOR_GATE,CRASH500,CANDLE_STRUCTURE,wf2,1.5,5,0.1061241171795998,0.2264744202165691,0.09701492537313433,0.2230243497509684,0.1274472891566265,0.14162607718246534,0.7189402045861145,1.6450468438126757,-0.0380911755457896,0.08727107701209151,,
225,33,5178,697,0.14666666666666667,0.13460795674005407,1.089583931133429,0.047345767575322814,0.2438,9999,24,19,19,2.0,INSUFFICIENT_FOR_GATE,CRASH500,SR_ALIGNMENT,wf2,1.5,5,0.10637984657597188,0.19881598280133306,0.11206896551724138,0.1799163179916318,0.1274472891566265,0.14162607718246534,0.8286794561859562,1.3254796221711371,-0.02325726792635931,0.044094971299397635,,
193,28,5178,697,0.14507772020725387,0.13460795674005407,1.0777796775224686,0.040172166427546625,0.24,9999,24,19,19,2.5,INSUFFICIENT_FOR_GATE,CRASH500,ATR_BB_COMPRESSION,wf2,1.5,5,0.10232033762370596,0.20168807188114646,0.1164021164021164,0.17613783560998586,0.1274472891566265,0.14162607718246534,0.8753032201608734,1.2944152040659858,-0.016805770720514958,0.03990450172306672,,
13,1,5178,697,0.07692307692307693,0.13460795674005407,0.571460103741309,0.0014347202295552368,1.0,9999,24,19,9,1.0,INSUFFICIENT_FOR_GATE,CRASH500,CRT_ATR,wf2,1.5,5,0.013710421242556586,0.3331395092109959,0.0,0.23076923076923078,0.1274472891566265,0.14162607718246534,0.0,1.7077018100099957,-0.13846153846153847,0.09587016244624941,,
35,4,5178,697,0.11428571428571428,0.13460795674005407,0.8490264398442303,0.005738880918220947,1.0,9999,24,19,17,3.0,INSUFFICIENT_FOR_GATE,CRASH500,CRT_BB,wf2,1.5,5,0.04535179333097357,0.2595146864621381,0.02702702702702703,0.22727272727272727,0.1274472891566265,0.14162607718246534,0.1983747667322004,1.6989490576721538,-0.10915211731586297,0.09352266879374223,,
0,0,5178,697,,0.13460795674005407,,0.0,1.0,0,24,19,0,,INSUFFICIENT_FOR_GATE,CRASH500,CRT_CANDLE_COMPRESSION,wf2,1.5,5,,,,,0.1274472891566265,0.14162607718246534,,,,,,
8,0,5178,697,0.0,0.13460795674005407,0.0,0.0,1.0,9998,24,19,7,,INSUFFICIENT_FOR_GATE,CRASH500,CRT_CANDLE_STRUCTURE,wf2,1.5,5,0.0,0.32440756488388023,0.0,0.0,0.1274472891566265,0.14162607718246534,0.0,0.0,-0.14162607718246534,-0.1274472891566265,,
5,1,5178,697,0.2,0.13460795674005407,1.4857962697274032,0.0014347202295552368,0.30459193904150794,9973,24,19,5,1.0,INSUFFICIENT_FOR_GATE,CRASH500,CRT_SR,wf2,1.5,5,0.03622410863243014,0.6244653702374747,0.0,0.6666666666666666,0.1274472891566265,0.14162607718246534,0.0,4.925122103029482,-0.13982232522209348,0.531306225120658,,
66,15,5178,1166,0.22727272727272727,0.22518346852066434,1.0092780290035865,0.012864493996569469,0.4839,9999,24,19,19,5.0,INSUFFICIENT_FOR_GATE,CRASH500,CRT,wf2,1.5,10,0.14285229563373036,0.34169455364638307,0.12280701754385964,0.3253404924043996,0.2158252804837434,0.23539701091563103,0.5453290945165945,1.4460407877904387,-0.10215706365467822,0.09986900741212258,,
29,5,5178,1166,0.1724137931034483,0.22518346852066434,0.765659194416514,0.004288164665523156,1.0,9999,24,19,13,3.0,INSUFFICIENT_FOR_GATE,CRASH500,CRT_MSS,wf2,1.5,10,0.0759785725289123,0.34548439890195237,0.037037037037037035,0.35714285714285715,0.2158252804837434,0.23539701091563103,0.16539828803645829,1.559823973255579,-0.1866224855695016,0.1281916512109831,,
44,12,5178,1166,0.2727272727272727,0.22518346852066434,1.2111336348043038,0.010291595197255575,0.2299,9999,24,19,17,5.0,INSUFFICIENT_FOR_GATE,CRASH500,CRT_DISPLACEMENT,wf2,1.5,10,0.16346381623843378,0.418488730924512,0.1509433962264151,0.40816326530612246,0.2158252804837434,0.23539701091563103,0.6738418419458049,1.8026626823509357,-0.07369813351110449,0.18024622890344372,,
25,4,5178,1166,0.16,0.22518346852066434,0.7105317324185249,0.003430531732418525,1.0,9999,24,19,12,3.0,INSUFFICIENT_FOR_GATE,CRASH500,CRT_MSS_DISPLACEMENT,wf2,1.5,10,0.0640345145667644,0.3465362160717886,0.043478260869565216,0.3,0.2158252804837434,0.23539701091563103,0.19453316959126624,1.3257212545276602,-0.18026817363230868,0.07352931164021552,,
10,3,5178,1166,0.3,0.22518346852066434,1.332246998284734,0.002572898799313894,0.1845369073814763,9997,24,19,7,3.0,INSUFFICIENT_FOR_GATE,CRASH500,CRT_MSS_DISPLACEMENT_FVG,wf2,1.5,10,0.10779126740630099,0.6032218525388546,0.0,0.45454545454545453,0.2158252804837434,0.23539701091563103,0.0,1.9867833362811615,-0.22228659714175358,0.22299614443217425,,
433,96,5178,1166,0.22170900692840648,0.22518346852066434,0.9845705299101962,0.0823327615780446,1.0,9999,24,19,19,4.5,INSUFFICIENT_FOR_GATE,CRASH500,ATR_COMPRESSION,wf2,1.5,10,0.18512571178231838,0.26318672483803274,0.19248826291079812,0.25054945054945055,0.2158252804837434,0.23539701091563103,0.8724202301490174,1.0921069302888544,-0.028287270894552546,0.02097036492937843,,
384,90,5178,1166,0.234375,0.22518346852066434,1.0408179674099485,0.07718696397941681,0.3347,9999,24,19,19,4.0,INSUFFICIENT_FOR_GATE,CRASH500,BB_SQUEEZE,wf2,1.5,10,0.1947654728552633,0.27924640658562755,0.193210004747211,0.27869271728648687,0.2158252804837434,0.23539701091563103,0.8526423990101485,1.2322485731956812,-0.03344681410092146,0.052365107915717204,,
0,0,5178,1166,,0.22518346852066434,,0.0,1.0,0,24,19,0,,INSUFFICIENT_FOR_GATE,CRASH500,CANDLE_COMPRESSION,wf2,1.5,10,,,,,0.2158252804837434,0.23539701091563103,,,,,,
140,33,5178,1166,0.2357142857142857,0.22518346852066434,1.0467654986522912,0.02830188679245283,0.3927,9999,24,19,19,3.0,INSUFFICIENT_FOR_GATE,CRASH500,CANDLE_STRUCTURE,wf2,1.5,10,0.17305133701699754,0.3124933688925493,0.16058394160583941,0.3121218152866239,0.2158252804837434,0.23539701091563103,0.7032044005398994,1.3955215614282404,-0.06815710708586614,0.08807120818649608,,
225,61,5178,1166,0.27111111111111114,0.22518346852066434,1.2039565465980562,0.05231560891938251,0.0576,9999,24,19,19,5.0,INSUFFICIENT_FOR_GATE,CRASH500,SR_ALIGNMENT,wf2,1.5,10,0.21723031010716332,0.33267642213096515,0.21027917565300744,0.32786885245901637,0.2158252804837434,0.23539701091563103,0.9335648518286968,1.449183214286927,-0.014980007914790509,0.10121171462650703,,
193,47,5178,1166,0.24352331606217617,0.22518346852066434,1.0814440227872626,0.04030874785591767,0.2171,9999,24,19,19,4.0,INSUFFICIENT_FOR_GATE,CRASH500,ATR_BB_COMPRESSION,wf2,1.5,10,0.18836055568047258,0.308696616151501,0.2,0.2894736842105263,0.2158252804837434,0.23539701091563103,0.8874099911840698,1.2936188324104236,-0.025354679714797244,0.06546925425706995,,
13,2,5178,1166,0.15384615384615385,0.22518346852066434,0.6832035888639663,0.0017152658662092624,1.0,9999,24,19,9,3.5,INSUFFICIENT_FOR_GATE,CRASH500,CRT_ATR,wf2,1.5,10,0.043258178358081184,0.4223463101948254,0.0,0.3333333333333333,0.2158252804837434,0.23539701091563103,0.0,1.47079406854343,-0.22885283893395134,0.10669838779519693,,
35,8,5178,1166,0.22857142857142856,0.22518346852066434,1.015045332026464,0.00686106346483705,0.4609,9999,24,19,17,5.5,INSUFFICIENT_FOR_GATE,CRASH500,CRT_BB,wf2,1.5,10,0.12065879834191687,0.3901731689199025,0.1111111111111111,0.35294117647058826,0.2158252804837434,0.23539701091563103,0.49649769610087474,1.5743471423298154,-0.1138949644987907,0.12911451726241244,,
0,0,5178,1166,,0.22518346852066434,,0.0,1.0,0,24,19,0,,INSUFFICIENT_FOR_GATE,CRASH500,CRT_CANDLE_COMPRESSION,wf2,1.5,10,,,,,0.2158252804837434,0.23539701091563103,,,,,,
8,1,5178,1166,0.125,0.22518346852066434,0.5551029159519726,0.0008576329331046312,1.0,9998,24,19,7,6.0,INSUFFICIENT_FOR_GATE,CRASH500,CRT_CANDLE_STRUCTURE,wf2,1.5,10,0.02241749145005667,0.4708881822128535,0.0,0.42857142857142855,0.2158252804837434,0.23539701091563103,0.0,1.8982421868453758,-0.2328231725146199,0.20323449296654003,,
5,1,5178,1166,0.2,0.22518346852066434,0.8881646655231562,0.0008576329331046312,1.0,9973,24,19,5,1.0,INSUFFICIENT_FOR_GATE,CRASH500,CRT_SR,wf2,1.5,10,0.03622410863243014,0.6244653702374747,0.0,0.6666666666666666,0.2158252804837434,0.23539701091563103,0.0,2.92184341586868,-0.232576649314949,0.43850020727345496,,
66,24,5178,1500,0.36363636363636365,0.28968713789107764,1.2552727272727273,0.016,0.1047,9999,24,19,19,6.0,INSUFFICIENT_FOR_GATE,CRASH500,CRT,wf2,1.5,15,0.25806983094770897,0.48420359369234767,0.25,0.4838709677419355,0.2762812253768618,0.3053420445810915,0.8784145840648971,1.671096806304853,-0.0351361066735549,0.1934362158321963,,
29,5,5178,1500,0.1724137931034483,0.28968713789107764,0.5951724137931035,0.0033333333333333335,1.0,9999,24,19,13,3.0,INSUFFICIENT_FOR_GATE,CRASH500,CRT_MSS,wf2,1.5,15,0.0759785725289123,0.34548439890195237,0.037037037037037035,0.35714285714285715,0.2762812253768618,0.3053420445810915,0.12886985317850616,1.2156799375701959,-0.24997875655262355,0.06212776335264094,,
44,15,5178,1500,0.3409090909090909,0.28968713789107764,1.1768181818181818,0.01,0.2136,9999,24,19,17,6.0,INSUFFICIENT_FOR_GATE,CRASH500,CRT_DISPLACEMENT,wf2,1.5,15,0.21875819519344444,0.48860858782061756,0.21621621621621623,0.47619047619047616,0.2762812253768618,0.3053420445810915,0.7559743788580122,1.6306418883063094,-0.06968908284514294,0.18432717586949549,,
25,4,5178,1500,0.16,0.28968713789107764,0.55232,0.0026666666666666666,1.0,9999,24,19,12,3.0,INSUFFICIENT_FOR_GATE,CRASH500,CRT_MSS_DISPLACEMENT,wf2,1.5,15,0.0640345145667644,0.3465362160717886,0.043478260869565216,0.3,0.2762812253768618,0.3053420445810915,0.1515985946420729,1.0327122748057442,-0.24427342099925464,0.009396133779150965,,
10,3,5178,1500,0.3,0.28968713789107764,1.0355999999999999,0.002,0.4437887577515503,9997,24,19,7,3.0,INSUFFICIENT_FOR_GATE,CRASH500,CRT_MSS_DISPLACEMENT_FVG,wf2,1.5,15,0.10779126740630099,0.6032218525388546,0.0,0.45454545454545453,0.2762812253768618,0.3053420445810915,0.0,1.540545625445339,-0.28289473684210525,0.15774362044782103,,
433,124,5178,1500,0.2863741339491917,0.28968713789107764,0.9885635103926097,0.08266666666666667,1.0,9999,24,19,19,6.0,INSUFFICIENT_FOR_GATE,CRASH500,ATR_COMPRESSION,wf2,1.5,15,0.24581866206869368,0.33068673533696996,0.24528077268643306,0.32751254239492017,0.2762812253768618,0.3053420445810915,0.8679839631378844,1.0995491755626705,-0.03732175813515318,0.029411219808908175,,
384,117,5178,1500,0.3046875,0.28968713789107764,1.05178125,0.078,0.2438,9999,24,19,19,6.0,INSUFFICIENT_FOR_GATE,CRASH500,BB_SQUEEZE,wf2,1.5,15,0.2607735026005285,0.3524705264001265,0.2642464967027791,0.34458656140454225,0.2762812253768618,0.3053420445810915,0.9004692594923551,1.20007932988896,-0.029637969402653654,0.05699449609816437,,
0,0,5178,1500,,0.28968713789107764,,0.0,1.0,0,24,19,0,,INSUFFICIENT_FOR_GATE,CRASH500,CANDLE_COMPRESSION,wf2,1.5,15,,,,,0.2762812253768618,0.3053420445810915,,,,,,
140,37,5178,1500,0.2642857142857143,0.28968713789107764,0.9123142857142857,0.024666666666666667,1.0,9999,24,19,19,4.0,INSUFFICIENT_FOR_GATE,CRASH500,CANDLE_STRUCTURE,wf2,1.5,15,0.19824577409710042,0.34291572036276574,0.18320073110418233,0.34782608695652173,0.2762812253768618,0.3053420445810915,0.6179527985923806,1.2238707552987114,-0.11355828695723517,0.0635381339372267,,
225,74,5178,1500,0.3288888888888889,0.28968713789107764,1.1353244444444444,0.04933333333333333,0.0875,9999,24,19,19,6.5,INSUFFICIENT_FOR_GATE,CRASH500,SR_ALIGNMENT,wf2,1.5,15,0.2708236255122145,0.39269888305415335,0.26737967914438504,0.38839285714285715,0.2762812253768618,0.3053420445810915,0.9336301080859919,1.3268521884399402,-0.0191639849633586,0.09521182390291233,,
193,61,5178,1500,0.3160621761658031,0.28968713789107764,1.0910466321243524,0.04066666666666666,0.1408,9999,24,19,19,6.0,INSUFFICIENT_FOR_GATE,CRASH500,ATR_BB_COMPRESSION,wf2,1.5,15,0.25460191442179597,0.38470171386174074,0.2631578947368421,0.36444652128764277,0.2762812253768618,0.3053420445810915,0.9161741295388919,1.253591212021501,-0.024255180937639915,0.07322291219188963,,
13,4,5178,1500,0.3076923076923077,0.28968713789107764,1.0621538461538462,0.0026666666666666666,0.4452,9999,24,19,9,9.5,INSUFFICIENT_FOR_GATE,CRASH500,CRT_ATR,wf2,1.5,15,0.12680703655710515,0.5763065681945096,0.0,0.625,0.2762812253768618,0.3053420445810915,0.0,2.171072604045435,-0.28636919796881966,0.3379573307823721,,
35,12,5178,1500,0.34285714285714286,0.28968713789107764,1.1835428571428572,0.008,0.27,9999,24,19,17,7.0,INSUFFICIENT_FOR_GATE,CRASH500,CRT_BB,wf2,1.5,15,0.20831694987048957,0.5084805048600374,0.18421052631578946,0.5384615384615384,0.2762812253768618,0.3053420445810915,0.6420480167949781,1.8490437602750351,-0.10325420606850724,0.24688446214810786,,
0,0,5178,1500,,0.28968713789107764,,0.0,1.0,0,24,19,0,,INSUFFICIENT_FOR_GATE,CRASH500,CRT_CANDLE_COMPRESSION,wf2,1.5,15,,,,,0.2762812253768618,0.3053420445810915,,,,,,
8,4,5178,1500,0.5,0.28968713789107764,1.726,0.0026666666666666666,0.18051805180518052,9998,24,19,7,12.5,INSUFFICIENT_FOR_GATE,CRASH500,CRT_CANDLE_STRUCTURE,wf2,1.5,15,0.21521606221387757,0.7847839377861224,0.125,1.0,0.2762812253768618,0.3053420445810915,0.4450085637605726,3.3556813666366945,-0.15922294621852656,0.7019979215900496,,
5,2,5178,1500,0.4,0.28968713789107764,1.3808,0.0013333333333333333,0.2580709845598556,9973,24,19,5,6.0,INSUFFICIENT_FOR_GATE,CRASH500,CRT_SR,wf2,1.5,15,0.11762077423264783,0.769275718723987,0.0,1.0,0.2762812253768618,0.3053420445810915,0.0,3.3397538617514093,-0.29797345881699294,0.7005767084055217,,
66,30,5178,2161,0.45454545454545453,0.41734260332174583,1.089142232131589,0.013882461823229986,0.2426,9999,24,19,19,10.5,INSUFFICIENT_FOR_GATE,CRASH500,CRT,wf2,1.5,30,0.34024125498057733,0.5738498865661081,0.3548387096774194,0.5616438356164384,0.39976446498504137,0.4374253844906887,0.8473577262530568,1.354471543395999,-0.06486122188517442,0.1465122231773885,,
29,7,5178,2161,0.2413793103448276,0.41734260332174583,0.578372081890568,0.003239241092086997,1.0,9999,24,19,13,8.0,INSUFFICIENT_FOR_GATE,CRASH500,CRT_MSS,wf2,1.5,30,0.12218422442520091,0.4210760161781133,0.08695652173913043,0.4074074074074074,0.39976446498504137,0.4374253844906887,0.20757275202231298,0.9662755185183542,-0.331263018309249,-0.013770927457998456,,
44,17,5178,2161,0.38636363636363635,0.41734260332174583,0.9257708973118506,0.007866728366496992,1.0,9999,24,19,17,6.0,INSUFFICIENT_FOR_GATE,CRASH500,CRT_DISPLACEMENT,wf2,1.5,30,0.2572120275052556,0.5337642460762172,0.2391304347826087,0.5405968468468461,0.39976446498504137,0.4374253844906887,0.5791204840832987,1.2897308037292092,-0.17417256851854007,0.12078782019681612,,
25,6,5178,2161,0.24,0.41734260332174583,0.575067098565479,0.002776492364645997,1.0,9999,24,19,12,6.5,INSUFFICIENT_FOR_GATE,CRASH500,CRT_MSS_DISPLACEMENT,wf2,1.5,30,0.11496313693401444,0.4342968335542908,0.1,0.3548387096774194,0.39976446498504137,0.4374253844906887,0.24185357762184523,0.8543371948035449,-0.31948332735696106,-0.059972535868236525,,
10,3,5178,2161,0.3,0.41734260332174583,0.7188338732068487,0.0013882461823229986,1.0,9997,24,19,7,3.0,INSUFFICIENT_FOR_GATE,CRASH500,CRT_MSS_DISPLACEMENT_FVG,wf2,1.5,30,0.10779126740630099,0.6032218525388546,0.0,0.45454545454545453,0.39976446498504137,0.4374253844906887,0.0,1.077128079696298,-0.4097040089921319,0.032091362255448355,,
433,178,5178,2161,0.4110854503464203,0.41734260332174583,0.9850071549716634,0.08236927348449792,1.0,9999,24,19,19,9.0,INSUFFICIENT_FOR_GATE,CRASH500,ATR_COMPRESSION,wf2,1.5,30,0.36572063303236757,0.45801404588782757,0.36301022182045756,0.4580382984252991,0.39976446498504137,0.4374253844906887,0.8844477111247567,1.0728539871284757,-0.04733418078794548,0.03090522002247115,,
384,172,5178,2161,0.4479166666666667,0.41734260332174583,1.0732589079130033,0.07959278111985192,0.1218,9999,24,19,19,10.0,INSUFFICIENT_FOR_GATE,CRASH500,BB_SQUEEZE,wf2,1.5,30,0.3989393414467566,0.497925732953418,0.3923624332071199,0.49880180961613685,0.39976446498504137,0.4374253844906887,0.9372171344108603,1.1920362622975453,-0.026509147137630817,0.07952174168191253,,
0,0,5178,2161,,0.41734260332174583,,0.0,1.0,0,24,19,0,,INSUFFICIENT_FOR_GATE,CRASH500,CANDLE_COMPRESSION,wf2,1.5,30,,,,,0.39976446498504137,0.4374253844906887,,,,,,
140,58,5178,2161,0.4142857142857143,0.41734260332174583,0.9926753487142197,0.026839426191577972,1.0,9999,24,19,19,7.0,INSUFFICIENT_FOR_GATE,CRASH500,CANDLE_STRUCTURE,wf2,1.5,30,0.33604171053291565,0.4971079238161267,0.3357664233576642,0.4918032786885246,0.39976446498504137,0.4374253844906887,0.7891038964138772,1.191618012465261,-0.09039100405838643,0.0789689324798687,,
225,108,5178,2161,0.48,0.41734260332174583,1.150134197130958,0.04997686256362795,0.0184,9999,24,19,19,9.0,INSUFFICIENT_FOR_GATE,CRASH500,SR_ALIGNMENT,wf2,1.5,30,0.4156052447997797,0.545066217240445,0.41531916347731,0.5467980295566502,0.39976446498504137,0.4374253844906887,1.0097021447010668,1.2895188766870676,0.004030942271751568,0.1221978685129252,,
193,92,5178,2161,0.47668393782383417,0.41734260332174583,1.1421885377379979,0.04257288292457196,0.031,9999,24,19,19,9.5,INSUFFICIENT_FOR_GATE,CRASH500,ATR_BB_COMPRESSION,wf2,1.5,30,0.4073645270843834,0.5469133976276142,0.40697104423164615,0.5454545454545454,0.39976446498504137,0.4374253844906887,0.9863872042207789,1.292113267330045,-0.00564083164670043,0.12170475500932884,,
13,6,5178,2161,0.46153846153846156,0.41734260332174583,1.105898266472075,0.002776492364645997,0.41,9999,24,19,9,14.0,INSUFFICIENT_FOR_GATE,CRASH500,CRT_ATR,wf2,1.5,30,0.23206067809538303,0.7085620428549398,0.1,0.8333333333333334,0.39976446498504137,0.4374253844906887,0.24516525046017826,2.0080784359878256,-0.3176150356172144,0.41461327405742315,,
35,17,5178,2161,0.4857142857142857,0.41734260332174583,1.1638262709063265,0.007866728366496992,0.2524,9999,24,19,17,11.0,INSUFFICIENT_FOR_GATE,CRASH500,CRT_BB,wf2,1.5,30,0.32994236002509725,0.6443119540413141,0.30434782608695654,0.6842105263157895,0.39976446498504137,0.4374253844906887,0.7231754790393117,1.6479068386476654,-0.11700642205673163,0.2681559276763902,,
0,0,5178,2161,,0.41734260332174583,,0.0,1.0,0,24,19,0,,INSUFFICIENT_FOR_GATE,CRASH500,CRT_CANDLE_COMPRESSION,wf2,1.5,30,,,,,0.39976446498504137,0.4374253844906887,,,,,,
8,6,5178,2161,0.75,0.41734260332174583,1.7970846830171219,0.002776492364645997,0.00010001000100010001,9998,24,19,7,14.0,INSUFFICIENT_FOR_GATE,CRASH500,CRT_CANDLE_STRUCTURE,wf2,1.5,30,0.40927543031016883,0.9285207872478909,0.5,1.0,0.39976446498504137,0.4374253844906887,1.1370342908340156,2.447355652595827,0.0602595213823115,0.5913957176843775,,
5,3,5178,2161,0.6,0.41734260332174583,1.4376677464136973,0.0013882461823229986,0.22308000802085423,9973,24,19,5,11.0,INSUFFICIENT_FOR_GATE,CRASH500,CRT_SR,wf2,1.5,30,0.2307242812760128,0.882379225767352,0.0,1.0,0.39976446498504137,0.4374253844906887,0.0,2.414842798721338,-0.412110852684721,0.5858943693784808,,
66,7,5178,432,0.10606060606060606,0.08342989571263036,1.2712542087542087,0.016203703703703703,0.2342,9999,24,19,19,4.0,INSUFFICIENT_FOR_GATE,CRASH500,CRT,wf2,2.0,5,0.05233347255479488,0.20312308751648012,0.04838709677419355,0.17142857142857143,0.07871662016739737,0.08856054186117966,0.5788310634425512,2.05441121144151,-0.035493038103175896,0.08753152756129588,,
29,2,5178,432,0.06896551724137931,0.08342989571263036,0.8266283524904214,0.004629629629629629,1.0,9999,24,19,13,4.0,INSUFFICIENT_FOR_GATE,CRASH500,CRT_MSS,wf2,2.0,5,0.019121266169433354,0.21964580150275695,0.0,0.16666666666666666,0.07871662016739737,0.08856054186117966,0.0,1.945526279339491,-0.0845049113068871,0.08065430586342168,,
44,7,5178,432,0.1590909090909091,0.08342989571263036,1.9068813131313131,0.016203703703703703,0.046,9999,24,19,17,4.0,INSUFFICIENT_FOR_GATE,CRASH500,CRT_DISPLACEMENT,wf2,2.0,5,0.0792667701220125,0.29366205062240613,0.075,0.25,0.07871662016739737,0.08856054186117966,0.9013738284851637,2.979158980665436,-0.00820993486132397,0.16560319644135232,,
25,2,5178,432,0.08,0.08342989571263036,0.9588888888888889,0.004629629629629629,1.0,9999,24,19,12,4.0,INSUFFICIENT_FOR_GATE,CRASH500,CRT_MSS_DISPLACEMENT,wf2,2.0,5,0.022220401284847563,0.24966108950395313,0.0,0.1891891891891892,0.07871662016739737,0.08856054186117966,0.0,2.238206326353632,-0.0845049113068871,0.10457817630340283,,
10,1,5178,432,0.1,0.08342989571263036,1.198611111111111,0.0023148148148148147,0.3761752350470094,9997,24,19,7,3.0,INSUFFICIENT_FOR_GATE,CRASH500,CRT_MSS_DISPLACEMENT_FVG,wf2,2.0,5,0.017876213095072896,0.4041500267952385,0.0,0.2857142857142857,0.07871662016739737,0.08856054186117966,0.0,3.458107164153677,-0.08692394155114275,0.2042155640006853,,
433,35,5178,432,0.08083140877598152,0.08342989571263036,0.9688542468565563,0.08101851851851852,1.0,9999,24,19,19,3.0,INSUFFICIENT_FOR_GATE,CRASH500,ATR_COMPRESSION,wf2,2.0,5,0.05869228359348891,0.1103426313160025,0.0584094359314958,0.10386630277934623,0.07871662016739737,0.08856054186117966,0.710495807308132,1.2406302634360276,-0.023902678447348415,0.020047113758491424,,
384,28,5178,432,0.07291666666666667,0.08342989571263036,0.8739872685185186,0.06481481481481481,1.0,9999,24,19,19,2.0,INSUFFICIENT_FOR_GATE,CRASH500,BB_SQUEEZE,wf2,2.0,5,0.05092751760126569,0.10336609248016679,0.05392090798583585,0.09254498714652956,0.07871662016739737,0.08856054186117966,0.6399647168122465,1.1254097088681188,-0.030565425777980423,0.010252946286696285,,
0,0,5178,432,,0.08342989571263036,,0.0,1.0,0,24,19,0,,INSUFFICIENT_FOR_GATE,CRASH500,CANDLE_COMPRESSION,wf2,2.0,5,,,,,0.07871662016739737,0.08856054186117966,,,,,,
140,12,5178,432,0.08571428571428572,0.08342989571263036,1.0273809523809523,0.027777777777777776,0.4372,9999,24,19,19,2.0,INSUFFICIENT_FOR_GATE,CRASH500,CANDLE_STRUCTURE,wf2,2.0,5,0.04971124458699671,0.14384532143337403,0.044444444444444446,0.1310401356698699,0.07871662016739737,0.08856054186117966,0.5372976339358566,1.5611576165805876,-0.03827244375439197,0.04687007349446809,,
225,21,5178,432,0.09333333333333334,0.08342989571263036,1.1187037037037038,0.04861111111111111,0.3041,9999,24,19,19,2.0,INSUFFICIENT_FOR_GATE,CRASH500,SR_ALIGNMENT,wf2,2.0,5,0.061856903726350415,0.1384628244248874,0.05555555555555555,0.13191813370774377,0.07871662016739737,0.08856054186117966,0.662453820988823,1.5909228435770952,-0.028399480233504804,0.04893432796521885,,
193,19,5178,432,0.09844559585492228,0.08342989571263036,1.1799798503166379,0.04398148148148148,0.1694,9999,24,19,19,3.0,INSUFFICIENT_FOR_GATE,CRASH500,ATR_BB_COMPRESSION,wf2,2.0,5,0.06393250342926048,0.14863175549958718,0.0670391061452514,0.12962962962962962,0.07871662016739737,0.08856054186117966,0.8164335218096356,1.5357615124397979,-0.0152268852323205,0.04503053555530885,,
13,1,5178,432,0.07692307692307693,0.08342989571263036,0.9220085470085471,0.0023148148148148147,1.0,9999,24,19,9,1.0,INSUFFICIENT_FOR_GATE,CRASH500,CRT_ATR,wf2,2.0,5,0.013710421242556586,0.3331395092109959,0.0,0.23076923076923078,0.07871662016739737,0.08856054186117966,0.0,2.8173788711700656,-0.08735453216374268,0.1488896132706877,,
35,4,5178,432,0.11428571428571428,0.08342989571263036,1.3698412698412699,0.009259259259259259,0.2803,9999,24,19,17,3.0,INSUFFICIENT_FOR_GATE,CRASH500,CRT_BB,wf2,2.0,5,0.04535179333097357,0.2595146864621381,0.02702702702702703,0.22727272727272727,0.07871662016739737,0.08856054186117966,0.3191820138722794,2.751610881650041,-0.05787433750075852,0.14512547450014265,,
0,0,5178,432,,0.08342989571263036,,0.0,1.0,0,24,19,0,,INSUFFICIENT_FOR_GATE,CRASH500,CRT_CANDLE_COMPRESSION,wf2,2.0,5,,,,,0.07871662016739737,0.08856054186117966,,,,,,
8,0,5178,432,0.0,0.08342989571263036,0.0,0.0,1.0,9998,24,19,7,,INSUFFICIENT_FOR_GATE,CRASH500,CRT_CANDLE_STRUCTURE,wf2,2.0,5,0.0,0.32440756488388023,0.0,0.0,0.07871662016739737,0.08856054186117966,0.0,0.0,-0.08856015779092702,-0.07871662016739737,,
5,0,5178,432,0.0,0.08342989571263036,0.0,0.0,1.0,9973,24,19,5,,INSUFFICIENT_FOR_GATE,CRASH500,CRT_SR,wf2,2.0,5,0.0,0.43448246478317476,0.0,0.0,0.07871662016739737,0.08856054186117966,0.0,0.0,-0.08856015779092702,-0.07871662016739737,,
66,11,5178,819,0.16666666666666666,0.1581691772885284,1.0537240537240538,0.013431013431013432,0.412,9999,24,19,19,5.0,INSUFFICIENT_FOR_GATE,CRASH500,CRT,wf2,2.0,10,0.09569583347617375,0.27430587119952043,0.09085081585081588,0.24242424242424243,0.1498447204968944,0.16819535804745248,0.5726487819623883,1.5249795103737753,-0.06673601822686981,0.08332664185699915,,
29,3,5178,819,0.10344827586206896,0.1581691772885284,0.6540356195528609,0.003663003663003663,1.0,9999,24,19,13,5.0,INSUFFICIENT_FOR_GATE,CRASH500,CRT_MSS,wf2,2.0,10,0.03581489135067707,0.26385081090773804,0.0,0.23076923076923078,0.1498447204968944,0.16819535804745248,0.0,1.437957936889877,-0.15324516965966184,0.06999226068118965,,
44,10,5178,819,0.22727272727272727,0.1581691772885284,1.4368964368964368,0.01221001221001221,0.0757,9999,24,19,17,5.0,INSUFFICIENT_FOR_GATE,CRASH500,CRT_DISPLACEMENT,wf2,2.0,10,0.12841947594917147,0.3699235806463634,0.13157894736842105,0.32432432432432434,0.1498447204968944,0.16819535804745248,0.8375905981564368,2.0354039440885097,-0.02600594949321062,0.16410913158233548,,
25,3,5178,819,0.12,0.1581691772885284,0.7586813186813186,0.003663003663003663,1.0,9999,24,19,12,5.0,INSUFFICIENT_FOR_GATE,CRASH500,CRT_MSS_DISPLACEMENT,wf2,2.0,10,0.04166817150440358,0.2995579392092732,0.0,0.26666666666666666,0.1498447204968944,0.16819535804745248,0.0,1.6668227946916472,-0.15324516965966184,0.10614879758966458,,
10,1,5178,819,0.1,0.1581691772885284,0.6322344322344323,0.001221001221001221,1.0,9997,24,19,7,3.0,INSUFFICIENT_FOR_GATE,CRASH500,CRT_MSS_DISPLACEMENT_FVG,wf2,2.0,10,0.017876213095072896,0.4041500267952385,0.0,0.2857142857142857,0.1498447204968944,0.16819535804745248,0.0,1.7929550816156319,-0.16152376705840563,0.1277769098659164,,
433,67,5178,819,0.15473441108545036,0.1581691772885284,0.9782842253973895,0.08180708180708181,1.0,9999,24,19,19,5.0,INSUFFICIENT_FOR_GATE,CRASH500,ATR_COMPRESSION,wf2,2.0,10,0.12372115989915407,0.1918199959078375,0.12296983758700696,0.18703241895261846,0.1498447204968944,0.16819535804745248,0.8030956357205488,1.1500792628431078,-0.0305312566199336,0.024160898705599745,,
384,59,5178,819,0.15364583333333334,0.1581691772885284,0.9714018620268621,0.07203907203907203,1.0,9999,24,19,19,6.0,INSUFFICIENT_FOR_GATE,CRASH500,BB_SQUEEZE,wf2,2.0,10,0.12102410940518535,0.19312863535597638,0.11306532663316583,0.19362777604410464,0.1498447204968944,0.16819535804745248,0.7199587595357824,1.2103072990689625,-0.04438345406179332,0.0335198119502553,,
0,0,5178,819,,0.1581691772885284,,0.0,1.0,0,24,19,0,,INSUFFICIENT_FOR_GATE,CRASH500,CANDLE_COMPRESSION,wf2,2.0,10,,,,,0.1498447204968944,0.16819535804745248,,,,,,
140,22,5178,819,0.15714285714285714,0.1581691772885284,0.9935112506541077,0.026862026862026864,1.0,9999,24,19,19,4.5,INSUFFICIENT_FOR_GATE,CRASH500,CANDLE_STRUCTURE,wf2,2.0,10,0.1061241171795998,0.2264744202165691,0.1039948051948052,0.21212121212121213,0.1498447204968944,0.16819535804745248,0.6456352943914203,1.3641996874387141,-0.05698111177196227,0.056609293383913545,,
225,42,5178,819,0.18666666666666668,0.1581691772885284,1.1801709401709402,0.05128205128205128,0.1221,9999,24,19,19,5.5,INSUFFICIENT_FOR_GATE,CRASH500,SR_ALIGNMENT,wf2,2.0,10,0.14116980948032726,0.24268309581652808,0.13725490196078433,0.23786407766990292,0.1498447204968944,0.16819535804745248,0.8734864997742797,1.4810636117131888,-0.01991414664565497,0.07662019889365922,,
193,36,5178,819,0.18652849740932642,0.1581691772885284,1.1792973865512726,0.04395604395604396,0.0978,9999,24,19,19,5.0,INSUFFICIENT_FOR_GATE,CRASH500,ATR_BB_COMPRESSION,wf2,2.0,10,0.13788638946333326,0.2474057094424123,0.1445054592164419,0.23122953387055417,0.1498447204968944,0.16819535804745248,0.9252437753748081,1.4700278099340307,-0.011686173982680395,0.07339110731188107,,
13,2,5178,819,0.15384615384615385,0.1581691772885284,0.9726683572837419,0.002442002442002442,1.0,9999,24,19,9,5.5,INSUFFICIENT_FOR_GATE,CRASH500,CRT_ATR,wf2,2.0,10,0.043258178358081184,0.4223463101948254,0.0,0.3333333333333333,0.1498447204968944,0.16819535804745248,0.0,2.0770350239096436,-0.161521953197405,0.17288001007798035,,
35,6,5178,819,0.17142857142857143,0.1581691772885284,1.0838304552590268,0.007326007326007326,0.4121,9999,24,19,17,4.5,INSUFFICIENT_FOR_GATE,CRASH500,CRT_BB,wf2,2.0,10,0.08102640053701589,0.3268228229904496,0.05263157894736842,0.3125,0.1498447204968944,0.16819535804745248,0.3272611362304866,1.9927832108453138,-0.10884466476448493,0.15494926666396408,,
0,0,5178,819,,0.1581691772885284,,0.0,1.0,0,24,19,0,,INSUFFICIENT_FOR_GATE,CRASH500,CRT_CANDLE_COMPRESSION,wf2,2.0,10,,,,,0.1498447204968944,0.16819535804745248,,,,,,
8,1,5178,819,0.125,0.1581691772885284,0.7902930402930403,0.001221001221001221,1.0,9998,24,19,7,10.0,INSUFFICIENT_FOR_GATE,CRASH500,CRT_CANDLE_STRUCTURE,wf2,2.0,10,0.02241749145005667,0.4708881822128535,0.0,0.42857142857142855,0.1498447204968944,0.16819535804745248,0.0,2.6899535783365556,-0.1652304233795429,0.2695031085526539,,
5,1,5178,819,0.2,0.1581691772885284,1.2644688644688646,0.001221001221001221,0.3911169039502707,9973,24,19,5,7.0,INSUFFICIENT_FOR_GATE,CRASH500,CRT_SR,wf2,2.0,10,0.03622410863243014,0.6244653702374747,0.0,0.6666666666666666,0.1498447204968944,0.16819535804745248,0.0,4.101313140351659,-0.16544965411222137,0.5041170928100632,,
66,17,5178,1112,0.25757575757575757,0.21475473155658556,1.1993950294310005,0.015287769784172662,0.2293,9999,24,19,19,7.0,INSUFFICIENT_FOR_GATE,CRASH500,CRT,wf2,2.0,15,0.1674884361182427,0.3743309854640803,0.15384615384615385,0.3809837092731825,0.20285087719298245,0.2287075475114066,0.7260694652872811,1.7527763390701534,-0.05848308283936001,0.16396591446880346,,
29,3,5178,1112,0.10344827586206896,0.21475473155658556,0.48170429173902257,0.002697841726618705,1.0,9999,24,19,13,5.0,INSUFFICIENT_FOR_GATE,CRASH500,CRT_MSS,wf2,2.0,15,0.03581489135067707,0.26385081090773804,0.0,0.23076923076923078,0.20285087719298245,0.2287075475114066,0.0,1.0678335023815653,-0.2091587434713594,0.014658667449518313,,
44,12,5178,1112,0.2727272727272727,0.21475473155658556,1.2699476782210595,0.01079136690647482,0.1509,9999,24,19,17,5.0,INSUFFICIENT_FOR_GATE,CRASH500,CRT_DISPLACEMENT,wf2,2.0,15,0.16346381623843378,0.418488730924512,0.16666666666666666,0.39473684210526316,0.20285087719298245,0.2287075475114066,0.7882786939423194,1.788421682806639,-0.044707851025785825,0.173661284079417,,
25,3,5178,1112,0.12,0.21475473155658556,0.5587769784172661,0.002697841726618705,1.0,9999,24,19,12,5.0,INSUFFICIENT_FOR_GATE,CRASH500,CRT_MSS_DISPLACEMENT,wf2,2.0,15,0.04166817150440358,0.2995579392092732,0.0,0.26666666666666666,0.20285087719298245,0.2287075475114066,0.0,1.2368564579039671,-0.2091587434713594,0.05038180134616416,,
10,2,5178,1112,0.2,0.21475473155658556,0.931294964028777,0.0017985611510791368,1.0,9997,24,19,7,7.5,INSUFFICIENT_FOR_GATE,CRASH500,CRT_MSS_DISPLACEMENT_FVG,wf2,2.0,15,0.05668215145437519,0.5098375284633583,0.0,0.4,0.20285087719298245,0.2287075475114066,0.0,1.7973077660226928,-0.21570234434856414,0.1742363866439983,,
433,85,5178,1112,0.19630484988452657,0.21475473155658556,0.9140885905594232,0.0764388489208633,1.0,9999,24,19,19,7.0,INSUFFICIENT_FOR_GATE,CRASH500,ATR_COMPRESSION,wf2,2.0,15,0.16163232156266769,0.2363185947491677,0.1617630309527,0.23240534333096885,0.20285087719298245,0.2287075475114066,0.7820481600090089,1.0413755882164586,-0.04554063859932413,0.009256893297074072,,
384,82,5178,1112,0.21354166666666666,0.21475473155658556,0.994351393884892,0.0737410071942446,1.0,9999,24,19,19,8.0,INSUFFICIENT_FOR_GATE,CRASH500,BB_SQUEEZE,wf2,2.0,15,0.17549541279535344,0.2572624964056074,0.17009937906652012,0.2531661756612386,0.20285087719298245,0.2287075475114066,0.791091333513172,1.1799281291142525,-0.045110017051284014,0.038079250723605684,,
0,0,5178,1112,,0.21475473155658556,,0.0,1.0,0,24,19,0,,INSUFFICIENT_FOR_GATE,CRASH500,CANDLE_COMPRESSION,wf2,2.0,15,,,,,0.20285087719298245,0.2287075475114066,,,,,,
140,29,5178,1112,0.20714285714285716,0.21475473155658556,0.9645554984583762,0.026079136690647483,1.0,9999,24,19,19,7.0,INSUFFICIENT_FOR_GATE,CRASH500,CANDLE_STRUCTURE,wf2,2.0,15,0.14827622163935025,0.28165169571987736,0.14061854338842975,0.2748187022900762,0.20285087719298245,0.2287075475114066,0.6384953323068645,1.3057202442734672,-0.07972419488965238,0.06451536089055133,,
225,57,5178,1112,0.25333333333333335,0.21475473155658556,1.1796402877697842,0.051258992805755396,0.0462,9999,24,19,19,8.0,INSUFFICIENT_FOR_GATE,CRASH500,SR_ALIGNMENT,wf2,2.0,15,0.20097255899925986,0.3139754728301795,0.2024793388429752,0.3053097345132743,0.20285087719298245,0.2287075475114066,0.9639484985204682,1.3793163262520247,-0.007643463477812033,0.08347451571200167,,
193,44,5178,1112,0.22797927461139897,0.21475473155658556,1.0615797517426473,0.039568345323741004,0.2381,9999,24,19,19,6.5,INSUFFICIENT_FOR_GATE,CRASH500,ATR_BB_COMPRESSION,wf2,2.0,15,0.17444062528494136,0.2921351630216974,0.1871345029239766,0.26943160311501346,0.20285087719298245,0.2287075475114066,0.8881039920771052,1.2445320141121166,-0.023907344812924284,0.0524609514951972,,
13,3,5178,1112,0.23076923076923078,0.21475473155658556,1.0745711123408965,0.002697841726618705,0.437,9999,24,19,9,10.0,INSUFFICIENT_FOR_GATE,CRASH500,CRT_ATR,wf2,2.0,15,0.08179528718498569,0.5025637594672749,0.0,0.46153846153846156,0.20285087719298245,0.2287075475114066,0.0,2.162359768097905,-0.21104074021077043,0.24491812535290794,,
35,9,5178,1112,0.2571428571428571,0.21475473155658556,1.1973792394655702,0.008093525179856115,0.3114,9999,24,19,17,8.0,INSUFFICIENT_FOR_GATE,CRASH500,CRT_BB,wf2,2.0,15,0.14163027069060447,0.42069306843839166,0.10256410256410256,0.45714285714285713,0.20285087719298245,0.2287075475114066,0.4779986549872664,2.1087217866583035,-0.11070441191175927,0.24185546362260069,,
0,0,5178,1112,,0.21475473155658556,,0.0,1.0,0,24,19,0,,INSUFFICIENT_FOR_GATE,CRASH500,CRT_CANDLE_COMPRESSION,wf2,2.0,15,,,,,0.20285087719298245,0.2287075475114066,,,,,,
8,3,5178,1112,0.375,0.21475473155658556,1.7461780575539567,0.002697841726618705,0.2082208220822082,9998,24,19,7,13.0,INSUFFICIENT_FOR_GATE,CRASH500,CRT_CANDLE_STRUCTURE,wf2,2.0,15,0.13684428582359742,0.6942576053973727,0.0,0.8,0.20285087719298245,0.2287075475114066,0.0,3.732972396671868,-0.2141284085270597,0.58579165243448,,
5,2,5178,1112,0.4,0.21475473155658556,1.862589928057554,0.0017985611510791368,0.21626228193302588,9973,24,19,5,9.5,INSUFFICIENT_FOR_GATE,CRASH500,CRT_SR,wf2,2.0,15,0.11762077423264783,0.769275718723987,0.0,1.0,0.20285087719298245,0.2287075475114066,0.0,4.48501228501228,-0.2218351938683311,0.7770351141407733,,
66,24,5178,1726,0.36363636363636365,0.3333333333333333,1.090909090909091,0.013904982618771726,0.3058,9999,24,19,19,11.5,INSUFFICIENT_FOR_GATE,CRASH500,CRT,wf2,2.0,30,0.25806983094770897,0.48420359369234767,0.25755411255411254,0.4782608695652174,0.317394578313253,0.3510943436356158,0.7744427594631427,1.4321764189865172,-0.07541227739550185,0.1438758704545033,,
29,6,5178,1726,0.20689655172413793,0.3333333333333333,0.6206896551724138,0.0034762456546929316,1.0,9999,24,19,13,13.0,INSUFFICIENT_FOR_GATE,CRASH500,CRT_MSS,wf2,2.0,30,0.09846070197841039,0.38390090403867905,0.07692307692307693,0.32142857142857145,0.317394578313253,0.3510943436356158,0.23256863445903572,0.9709485132054526,-0.2569619591823539,-0.009651698413082182,,
44,14,5178,1726,0.3181818181818182,0.3333333333333333,0.9545454545454546,0.008111239860950173,1.0,9999,24,19,17,5.5,INSUFFICIENT_FOR_GATE,CRASH500,CRT_DISPLACEMENT,wf2,2.0,30,0.19999307710853426,0.46556896062182235,0.19444444444444445,0.45652173913043476,0.317394578313253,0.3510943436356158,0.5890786537567269,1.3478393647471747,-0.13454752282457463,0.11698160958754585,,
25,6,5178,1726,0.24,0.3333333333333333,0.72,0.0034762456546929316,1.0,9999,24,19,12,13.0,INSUFFICIENT_FOR_GATE,CRASH500,CRT_MSS_DISPLACEMENT,wf2,2.0,30,0.11496313693401444,0.4342968335542908,0.1,0.3548387096774194,0.317394578313253,0.3510943436356158,0.30184475729372795,1.072427990924108,-0.2345311737923188,0.023590806951261548,,
10,3,5178,1726,0.3,0.3333333333333333,0.9,0.0017381228273464658,1.0,9997,24,19,7,12.0,INSUFFICIENT_FOR_GATE,CRASH500,CRT_MSS_DISPLACEMENT_FVG,wf2,2.0,30,0.10779126740630099,0.6032218525388546,0.0,0.45454545454545453,0.317394578313253,0.3510943436356158,0.0,1.3504435165742237,-0.3254040171396957,0.11700675159701482,,
433,133,5178,1726,0.3071593533487298,0.3333333333333333,0.9214780600461894,0.07705677867902665,1.0,9999,24,19,19,10.0,INSUFFICIENT_FOR_GATE,CRASH500,ATR_COMPRESSION,wf2,2.0,30,0.2655620931778934,0.3521481844801922,0.2725274725274725,0.3424672014828115,0.317394578313253,0.3510943436356158,0.8426474540609865,0.9984951684735363,-0.051357050368047594,-0.0005099976452318336,,
384,136,5178,1726,0.3541666666666667,0.3333333333333333,1.0625000000000002,0.07879490150637311,0.1814,9999,24,19,19,13.0,INSUFFICIENT_FOR_GATE,CRASH500,BB_SQUEEZE,wf2,2.0,30,0.30799159318404906,0.40323061513644004,0.30548302872062666,0.396279038923326,0.317394578313253,0.3510943436356158,0.9153502101478993,1.1897455592825432,-0.02853952435193138,0.06233449126637104,,
0,0,5178,1726,,0.3333333333333333,,0.0,1.0,0,24,19,0,,INSUFFICIENT_FOR_GATE,CRASH500,CANDLE_COMPRESSION,wf2,2.0,30,,,,,0.317394578313253,0.3510943436356158,,,,,,
140,44,5178,1726,0.3142857142857143,0.3333333333333333,0.9428571428571428,0.02549246813441483,1.0,9999,24,19,19,10.5,INSUFFICIENT_FOR_GATE,CRASH500,CANDLE_STRUCTURE,wf2,2.0,30,0.2432187475337094,0.3952721268892154,0.2348993288590604,0.3900709219858156,0.317394578313253,0.3510943436356158,0.6900162527069147,1.1893663707568511,-0.10600157458125206,0.06210208706757142,,
225,86,5178,1726,0.38222222222222224,0.3333333333333333,1.1466666666666667,0.04982618771726535,0.066,9999,24,19,19,11.0,INSUFFICIENT_FOR_GATE,CRASH500,SR_ALIGNMENT,wf2,2.0,30,0.3212097009644673,0.4471889088279677,0.31601731601731603,0.4550733238381598,0.317394578313253,0.3510943436356158,0.9663698177344165,1.3313735089093905,-0.011014813766883326,0.11220267130997547,,
193,75,5178,1726,0.38860103626943004,0.3333333333333333,1.1658031088082903,0.043453070683661645,0.0247,9999,24,19,19,11.0,INSUFFICIENT_FOR_GATE,CRASH500,ATR_BB_COMPRESSION,wf2,2.0,30,0.3226470860906162,0.4589029986444835,0.327683615819209,0.44976076555023925,0.317394578313253,0.3510943436356158,0.995549622282625,1.3285859886964404,-0.001423896200059018,0.11011332817499579,,
13,5,5178,1726,0.38461538461538464,0.3333333333333333,1.153846153846154,0.0028968713789107765,0.3794,9999,24,19,9,15.0,INSUFFICIENT_FOR_GATE,CRASH500,CRT_ATR,wf2,2.0,30,0.17709707797762575,0.6447710848733431,0.08333333333333333,0.7272727272727273,0.317394578313253,0.3510943436356158,0.25614969675957855,2.1863726622184525,-0.2503241549594898,0.39222817739248145,,
35,16,5178,1726,0.45714285714285713,0.3333333333333333,1.3714285714285714,0.009269988412514484,0.1438,9999,24,19,17,13.0,INSUFFICIENT_FOR_GATE,CRASH500,CRT_BB,wf2,2.0,30,0.3046601928840721,0.6181027493151624,0.25,0.6774193548387096,0.317394578313253,0.3510943436356158,0.754113761714358,2.042424961172723,-0.08114423578493732,0.3459310931061712,,
0,0,5178,1726,,0.3333333333333333,,0.0,1.0,0,24,19,0,,INSUFFICIENT_FOR_GATE,CRASH500,CRT_CANDLE_COMPRESSION,wf2,2.0,30,,,,,0.317394578313253,0.3510943436356158,,,,,,
8,6,5178,1726,0.75,0.3333333333333333,2.25,0.0034762456546929316,0.00010001000100010001,9998,24,19,7,16.0,INSUFFICIENT_FOR_GATE,CRASH500,CRT_CANDLE_STRUCTURE,wf2,2.0,30,0.40927543031016883,0.9285207872478909,0.5,1.0,0.317394578313253,0.3510943436356158,1.4306599045450183,3.05763963648102,0.1505109208393756,0.6729503409552694,,
5,2,5178,1726,0.4,0.3333333333333333,1.2000000000000002,0.0011587485515643105,0.40836174052536595,9973,24,19,5,9.5,INSUFFICIENT_FOR_GATE,CRASH500,CRT_SR,wf2,2.0,30,0.11762077423264783,0.769275718723987,0.0,1.0,0.317394578313253,0.3510943436356158,0.0,2.9005101731863854,-0.33996595487658915,0.655233033989187,,
66,2,5178,162,0.030303030303030304,0.031286210892236384,0.9685746352413019,0.012345679012345678,1.0,9999,24,19,19,4.0,INSUFFICIENT_FOR_GATE,CRASH500,CRT,wf2,3.0,5,0.008349910198653748,0.10392521911709715,0.0,0.07936507936507936,0.026882916622003074,0.0356359649122807,0.0,2.427839998226573,-0.03161554299274149,0.04607531643158763,,
29,2,5178,162,0.06896551724137931,0.031286210892236384,2.2043422733077906,0.012345679012345678,0.1873,9999,24,19,13,4.5,INSUFFICIENT_FOR_GATE,CRASH500,CRT_MSS,wf2,3.0,5,0.019121266169433354,0.21964580150275695,0.0,0.16666666666666666,0.026882916622003074,0.0356359649122807,0.0,5.174079642212091,-0.03225183468520664,0.13320108799612665,,
44,2,5178,162,0.045454545454545456,0.031286210892236384,1.4528619528619529,0.012345679012345678,0.2979,9999,24,19,17,4.0,INSUFFICIENT_FOR_GATE,CRASH500,CRT_DISPLACEMENT,wf2,3.0,5,0.012555109949594967,0.15134998437629657,0.0,0.11627906976744186,0.026882916622003074,0.0356359649122807,0.0,3.5448159163298705,-0.03161554299274149,0.082798455575642,,
25,2,5178,162,0.08,0.031286210892236384,2.557037037037037,0.012345679012345678,0.1602,9999,24,19,12,4.5,INSUFFICIENT_FOR_GATE,CRASH500,CRT_MSS_DISPLACEMENT,wf2,3.0,5,0.022220401284847563,0.24966108950395313,0.0,0.1891891891891892,0.026882916622003074,0.0356359649122807,0.0,5.8977512683394995,-0.03225183468520664,0.15678800237364945,,
10,1,5178,162,0.1,0.031286210892236384,3.1962962962962966,0.006172839506172839,0.19823964792958593,9997,24,19,7,4.0,INSUFFICIENT_FOR_GATE,CRASH500,CRT_MSS_DISPLACEMENT_FVG,wf2,3.0,5,0.017876213095072896,0.4041500267952385,0.0,0.2857142857142857,0.026882916622003074,0.0356359649122807,0.0,9.59403195882459,-0.0348268148970628,0.25762035608984934,,
433,12,5178,162,0.02771362586605081,0.031286210892236384,0.8858095971259944,0.07407407407407407,1.0,9999,24,19,19,3.5,INSUFFICIENT_FOR_GATE,CRASH500,ATR_COMPRESSION,wf2,3.0,5,0.01592311398098271,0.04781044028343047,0.013127669536468137,0.04357825932425528,0.026882916622003074,0.0356359649122807,0.41692181467850514,1.4151638230561192,-0.018452613847143744,0.012385404462387544,,
384,10,5178,162,0.026041666666666668,0.031286210892236384,0.8323688271604939,0.06172839506172839,1.0,9999,24,19,19,4.0,INSUFFICIENT_FOR_GATE,CRASH500,BB_SQUEEZE,wf2,3.0,5,0.014205637860948722,0.047266539180640964,0.013475277512100398,0.038560411311053984,0.026882916622003074,0.0356359649122807,0.4438899565508021,1.2527762632847377,-0.01753289206222265,0.007642180636694821,,
0,0,5178,162,,0.031286210892236384,,0.0,1.0,0,24,19,0,,INSUFFICIENT_FOR_GATE,CRASH500,CANDLE_COMPRESSION,wf2,3.0,5,,,,,0.026882916622003074,0.0356359649122807,,,,,,
140,6,5178,162,0.04285714285714286,0.031286210892236384,1.3698412698412699,0.037037037037037035,0.2091,9999,24,19,19,1.5,INSUFFICIENT_FOR_GATE,CRASH500,CANDLE_STRUCTURE,wf2,3.0,5,0.01978754110755173,0.09034384208734014,0.013884099616858239,0.07742162653339388,0.026882916622003074,0.0356359649122807,0.45936348738418714,2.363418293053352,-0.016908259492556758,0.044141574797417066,,
225,11,5178,162,0.04888888888888889,0.031286210892236384,1.5626337448559673,0.06790123456790123,0.1153,9999,24,19,19,4.0,INSUFFICIENT_FOR_GATE,CRASH500,SR_ALIGNMENT,wf2,3.0,5,0.027515017908125466,0.08540795922138969,0.02030456852791878,0.07937172079431483,0.026882916622003074,0.0356359649122807,0.6682078587831051,2.517402100904205,-0.010186766943111937,0.04737374442860224,,
193,8,5178,162,0.04145077720207254,0.031286210892236384,1.324889656495874,0.04938271604938271,0.2407,9999,24,19,19,3.5,INSUFFICIENT_FOR_GATE,CRASH500,ATR_BB_COMPRESSION,wf2,3.0,5,0.021150953290406463,0.0796482327122131,0.015625,0.07179487179487179,0.026882916622003074,0.0356359649122807,0.5024854917585669,2.327940517102978,-0.015933490746089466,0.04032904169765697,,
13,0,5178,162,0.0,0.031286210892236384,0.0,0.0,1.0,9999,24,19,9,,INSUFFICIENT_FOR_GATE,CRASH500,CRT_ATR,wf2,3.0,5,0.0,0.22809537235419838,0.0,0.0,0.026882916622003074,0.0356359649122807,0.0,0.0,-0.0356359649122807,-0.026882916622003088,,
35,1,5178,162,0.02857142857142857,0.031286210892236384,0.9132275132275133,0.006172839506172839,1.0,9999,24,19,17,3.0,INSUFFICIENT_FOR_GATE,CRASH500,CRT_BB,wf2,3.0,5,0.005061491855444203,0.14533087233613673,0.0,0.10526315789473684,0.026882916622003074,0.0356359649122807,0.0,3.2556443022764903,-0.03431952662721893,0.07231777173963556,,
0,0,5178,162,,0.031286210892236384,,0.0,1.0,0,24,19,0,,INSUFFICIENT_FOR_GATE,CRASH500,CRT_CANDLE_COMPRESSION,wf2,3.0,5,,,,,0.026882916622003074,0.0356359649122807,,,,,,
8,0,5178,162,0.0,0.031286210892236384,0.0,0.0,1.0,9998,24,19,7,,INSUFFICIENT_FOR_GATE,CRASH500,CRT_CANDLE_STRUCTURE,wf2,3.0,5,0.0,0.32440756488388023,0.0,0.0,0.026882916622003074,0.0356359649122807,0.0,0.0,-0.0356359649122807,-0.02688241973952194,,
5,0,5178,162,0.0,0.031286210892236384,0.0,0.0,1.0,9973,24,19,5,,INSUFFICIENT_FOR_GATE,CRASH500,CRT_SR,wf2,3.0,5,0.0,0.43448246478317476,0.0,0.0,0.026882916622003074,0.0356359649122807,0.0,0.0,-0.0356359649122807,-0.026869997677493145,,
66,6,5178,373,0.09090909090909091,0.0720355349555813,1.2620034121374604,0.0160857908847185,0.2932,9999,24,19,19,6.5,INSUFFICIENT_FOR_GATE,CRASH500,CRT,wf2,3.0,10,0.04233297507051134,0.18448729884965878,0.02666666666666667,0.17307692307692307,0.06615497076023392,0.07831086439333862,0.3795340031887191,2.338236829491214,-0.04462998395440816,0.09931959210068819,,
29,3,5178,373,0.10344827586206896,0.0720355349555813,1.4360728482943514,0.00804289544235925,0.2736,9999,24,19,13,5.0,INSUFFICIENT_FOR_GATE,CRASH500,CRT_MSS,wf2,3.0,10,0.03581489135067707,0.26385081090773804,0.0,0.23076923076923078,0.06615497076023392,0.07831086439333862,0.0,3.1584771737957325,-0.0687960687960688,0.15779085831216835,,
44,4,5178,373,0.09090909090909091,0.0720355349555813,1.2620034121374604,0.010723860589812333,0.3206,9999,24,19,17,6.5,INSUFFICIENT_FOR_GATE,CRASH500,CRT_DISPLACEMENT,wf2,3.0,10,0.03592219322731624,0.21159239166598612,0.020833333333333332,0.18604651162790697,0.06615497076023392,0.07831086439333862,0.2951738036052953,2.4912295769942197,-0.04952168545345385,0.11077719936447322,,
25,3,5178,373,0.12,0.0720355349555813,1.6658445040214476,0.00804289544235925,0.227,9999,24,19,12,5.0,INSUFFICIENT_FOR_GATE,CRASH500,CRT_MSS_DISPLACEMENT,wf2,3.0,10,0.04166817150440358,0.2995579392092732,0.0,0.26666666666666666,0.06615497076023392,0.07831086439333862,0.0,3.648850530382015,-0.0687960687960688,0.19302236223767216,,
10,1,5178,373,0.1,0.0720355349555813,1.3882037533512064,0.002680965147453083,0.33086617323464695,9997,24,19,7,4.0,INSUFFICIENT_FOR_GATE,CRASH500,CRT_MSS_DISPLACEMENT_FVG,wf2,3.0,10,0.017876213095072896,0.4041500267952385,0.0,0.2857142857142857,0.06615497076023392,0.07831086439333862,0.0,4.052493572240051,-0.07621721181207242,0.2175666953528399,,
433,35,5178,373,0.08083140877598152,0.0720355349555813,1.122104650514832,0.0938337801608579,0.2113,9999,24,19,19,6.0,INSUFFICIENT_FOR_GATE,CRASH500,ATR_COMPRESSION,wf2,3.0,10,0.05869228359348891,0.1103426313160025,0.06108597285067873,0.10185281435281433,0.06615497076023392,0.07831086439333862,0.840053327093687,1.4234583391677835,-0.011784374086383855,0.02976582487006643,,
384,24,5178,373,0.0625,0.0720355349555813,0.867627345844504,0.064343163538874,1.0,9999,24,19,19,6.0,INSUFFICIENT_FOR_GATE,CRASH500,BB_SQUEEZE,wf2,3.0,10,0.04235614052084531,0.09131048444062208,0.044853033561709645,0.0812817894188794,0.06615497076023392,0.07831086439333862,0.6068100926801603,1.1590679080708801,-0.02953301789141392,0.011029268484982577,,
0,0,5178,373,,0.0720355349555813,,0.0,1.0,0,24,19,0,,INSUFFICIENT_FOR_GATE,CRASH500,CANDLE_COMPRESSION,wf2,3.0,10,,,,,0.06615497076023392,0.07831086439333862,,,,,,
140,15,5178,373,0.10714285714285714,0.0720355349555813,1.4873611643048639,0.040214477211796246,0.1046,9999,24,19,19,7.0,INSUFFICIENT_FOR_GATE,CRASH500,CANDLE_STRUCTURE,wf2,3.0,10,0.0660121170081319,0.1692570404249783,0.05263157894736842,0.16279069767441862,0.06615497076023392,0.07831086439333862,0.7328506989748369,2.2706265015357125,-0.019572608244586526,0.0909273819561782,,
225,22,5178,373,0.09777777777777778,0.0720355349555813,1.357354781054513,0.058981233243967826,0.0919,9999,24,19,19,5.5,INSUFFICIENT_FOR_GATE,CRASH500,SR_ALIGNMENT,wf2,3.0,10,0.06545986143921473,0.14359954181419535,0.0625,0.13744075829383887,0.06615497076023392,0.07831086439333862,0.8710318463846624,1.9143601613608912,-0.009351322407167127,0.06511470060191528,,
193,19,5178,373,0.09844559585492228,0.0720355349555813,1.3666254566669909,0.05093833780160858,0.0918,9999,24,19,19,6.0,INSUFFICIENT_FOR_GATE,CRASH500,ATR_BB_COMPRESSION,wf2,3.0,10,0.06393250342926048,0.14863175549958718,0.06282722513089005,0.13658669865387177,0.06615497076023392,0.07831086439333862,0.8539585551746903,1.9247912159089389,-0.010854487412084906,0.06523665400040464,,
13,2,5178,373,0.15384615384615385,0.0720355349555813,2.1356980820787794,0.005361930294906166,0.1656,9999,24,19,9,8.0,INSUFFICIENT_FOR_GATE,CRASH500,CRT_ATR,wf2,3.0,10,0.043258178358081184,0.4223463101948254,0.0,0.3333333333333333,0.06615497076023392,0.07831086439333862,0.0,4.530268881688131,-0.07371092440338876,0.2595616306595599,,
35,3,5178,373,0.08571428571428572,0.0720355349555813,1.1898889314438912,0.00804289544235925,0.3554,9999,24,19,17,6.0,INSUFFICIENT_FOR_GATE,CRASH500,CRT_BB,wf2,3.0,10,0.02958236826696982,0.22379273965896496,0.0,0.17781746031745974,0.06615497076023392,0.07831086439333862,0.0,2.3937083764474005,-0.06894653773924163,0.10326595474192721,,
0,0,5178,373,,0.0720355349555813,,0.0,1.0,0,24,19,0,,INSUFFICIENT_FOR_GATE,CRASH500,CRT_CANDLE_COMPRESSION,wf2,3.0,10,,,,,0.06615497076023392,0.07831086439333862,,,,,,
8,1,5178,373,0.125,0.0720355349555813,1.735254691689008,0.002680965147453083,0.29182918291829185,9998,24,19,7,10.0,INSUFFICIENT_FOR_GATE,CRASH500,CRT_CANDLE_STRUCTURE,wf2,3.0,10,0.02241749145005667,0.4708881822128535,0.0,0.42857142857142855,0.06615497076023392,0.07831086439333862,0.0,5.853386112602036,-0.07609146661702722,0.3556831424724873,,
5,1,5178,373,0.2,0.0720355349555813,2.7764075067024128,0.002680965147453083,0.26168036895929414,9973,24,19,5,7.0,INSUFFICIENT_FOR_GATE,CRASH500,CRT_SR,wf2,3.0,10,0.03622410863243014,0.6244653702374747,0.0,0.6666666666666666,0.06615497076023392,0.07831086439333862,0.0,8.897014184397163,-0.0768936739769568,0.5915423920759836,,
66,8,5178,580,0.12121212121212122,0.11201235998455002,1.0821316614420062,0.013793103448275862,0.3992,9999,24,19,19,7.5,INSUFFICIENT_FOR_GATE,CRASH500,CRT,wf2,3.0,15,0.06271845599597657,0.22137439022640315,0.04878048780487805,0.21666666666666667,0.10335090361445783,0.12070297412128235,0.4493682202359711,1.8802578136453874,-0.06007571812440484,0.10093755728087485,,
29,3,5178,580,0.10344827586206896,0.11201235998455002,0.9235434007134364,0.005172413793103448,1.0,9999,24,19,13,5.0,INSUFFICIENT_FOR_GATE,CRASH500,CRT_MSS,wf2,3.0,15,0.03581489135067707,0.26385081090773804,0.0,0.23076923076923078,0.10335090361445783,0.12070297412128235,0.0,2.047314662273476,-0.10811517957603718,0.11818199033983086,,
44,5,5178,580,0.11363636363636363,0.11201235998455002,1.0144984326018809,0.008620689655172414,0.4783,9999,24,19,17,8.0,INSUFFICIENT_FOR_GATE,CRASH500,CRT_DISPLACEMENT,wf2,3.0,15,0.04952780601092492,0.23979152416608285,0.03571428571428571,0.2222222222222222,0.10335090361445783,0.12070297412128235,0.32953140170678114,1.919446000869081,-0.07390655120042058,0.10666875271654956,,
25,3,5178,580,0.12,0.11201235998455002,1.0713103448275862,0.005172413793103448,0.4285,9999,24,19,12,5.0,INSUFFICIENT_FOR_GATE,CRASH500,CRT_MSS_DISPLACEMENT,wf2,3.0,15,0.04166817150440358,0.2995579392092732,0.0,0.26666666666666666,0.10335090361445783,0.12070297412128235,0.0,2.3589966555183945,-0.10811517957603718,0.1533076311389976,,
10,1,5178,580,0.1,0.11201235998455002,0.8927586206896553,0.0017241379310344827,1.0,9997,24,19,7,4.0,INSUFFICIENT_FOR_GATE,CRASH500,CRT_MSS_DISPLACEMENT_FVG,wf2,3.0,15,0.017876213095072896,0.4041500267952385,0.0,0.2857142857142857,0.10335090361445783,0.12070297412128235,0.0,2.6124925760335596,-0.11756542426645519,0.17896456374717673,,
433,45,5178,580,0.10392609699769054,0.11201235998455002,0.9278091900931752,0.07758620689655173,1.0,9999,24,19,19,7.0,INSUFFICIENT_FOR_GATE,CRASH500,ATR_COMPRESSION,wf2,3.0,15,0.07858112498243928,0.13623699020752095,0.07962529274004684,0.12796208530805686,0.10335090361445783,0.12070297412128235,0.7075096718093802,1.1511710918304823,-0.033243164750547935,0.01668736842186496,,
384,41,5178,580,0.10677083333333333,0.11201235998455002,0.9532058189655173,0.0706896551724138,1.0,9999,24,19,19,9.0,INSUFFICIENT_FOR_GATE,CRASH500,BB_SQUEEZE,wf2,3.0,15,0.07968517190376148,0.14164613981755741,0.07499677002583979,0.14173228346456693,0.10335090361445783,0.12070297412128235,0.6602853092565669,1.29728457099575,-0.03910648803984898,0.032056303822478045,,
0,0,5178,580,,0.11201235998455002,,0.0,1.0,0,24,19,0,,INSUFFICIENT_FOR_GATE,CRASH500,CANDLE_COMPRESSION,wf2,3.0,15,,,,,0.10335090361445783,0.12070297412128235,,,,,,
140,17,5178,580,0.12142857142857143,0.11201235998455002,1.084064039408867,0.029310344827586206,0.366,9999,24,19,19,7.0,INSUFFICIENT_FOR_GATE,CRASH500,CANDLE_STRUCTURE,wf2,3.0,15,0.07721261463005077,0.18586493707821902,0.06206896551724138,0.17949719551282037,0.10335090361445783,0.12070297412128235,0.5492560989913208,1.6206693327723156,-0.05078782197444488,0.06798231721093319,,
225,34,5178,580,0.1511111111111111,0.11201235998455002,1.349057471264368,0.05862068965517241,0.0303,9999,24,19,19,9.0,INSUFFICIENT_FOR_GATE,CRASH500,SR_ALIGNMENT,wf2,3.0,15,0.11019574158457462,0.2037397628949026,0.11016762487866796,0.19422635445362701,0.10335090361445783,0.12070297412128235,1.0102517979314591,1.7101193275779,0.0011445598369486593,0.08009322720164072,,
193,23,5178,580,0.11917098445595854,0.11201235998455002,1.0639092370912988,0.039655172413793106,0.3857,9999,24,19,19,6.0,INSUFFICIENT_FOR_GATE,CRASH500,ATR_BB_COMPRESSION,wf2,3.0,15,0.08073625685370264,0.17246984677559155,0.07645658263305323,0.1657473335893875,0.10335090361445783,0.12070297412128235,0.6689688994661617,1.51303206400344,-0.03797246663674788,0.05559421818654881,,
13,2,5178,580,0.15384615384615385,0.11201235998455002,1.373474801061008,0.0034482758620689655,0.3065,9999,24,19,9,8.0,INSUFFICIENT_FOR_GATE,CRASH500,CRT_ATR,wf2,3.0,15,0.043258178358081184,0.4223463101948254,0.0,0.3333333333333333,0.10335090361445783,0.12070297412128235,0.0,2.9072297742626447,-0.11379857256145916,0.21881035148706063,,
35,4,5178,580,0.11428571428571428,0.11201235998455002,1.0202955665024631,0.006896551724137931,0.4645,9999,24,19,17,8.0,INSUFFICIENT_FOR_GATE,CRASH500,CRT_BB,wf2,3.0,15,0.04535179333097357,0.2595146864621381,0.02702702702702703,0.23076923076923078,0.10335090361445783,0.12070297412128235,0.25294579732914374,1.9926902975274954,-0.08158325092342174,0.11500640321268364,,
0,0,5178,580,,0.11201235998455002,,0.0,1.0,0,24,19,0,,INSUFFICIENT_FOR_GATE,CRASH500,CRT_CANDLE_COMPRESSION,wf2,3.0,15,,,,,0.10335090361445783,0.12070297412128235,,,,,,
8,1,5178,580,0.125,0.11201235998455002,1.115948275862069,0.0017241379310344827,0.41144114411441146,9998,24,19,7,10.0,INSUFFICIENT_FOR_GATE,CRASH500,CRT_CANDLE_STRUCTURE,wf2,3.0,15,0.02241749145005667,0.4708881822128535,0.0,0.42857142857142855,0.10335090361445783,0.12070297412128235,0.0,3.7555638187478317,-0.11795250288833146,0.3147770812502154,,
5,1,5178,580,0.2,0.11201235998455002,1.7855172413793106,0.0017241379310344827,0.28163224383396834,9973,24,19,5,7.0,INSUFFICIENT_FOR_GATE,CRASH500,CRT_SR,wf2,3.0,15,0.03622410863243014,0.6244653702374747,0.0,0.6666666666666666,0.10335090361445783,0.12070297412128235,0.0,5.67667496012759,-0.11817025717725467,0.5491452775182531,,
66,14,5178,1029,0.21212121212121213,0.19872537659327927,1.067408781694496,0.013605442176870748,0.4047,9999,24,19,19,12.5,INSUFFICIENT_FOR_GATE,CRASH500,CRT,wf2,3.0,30,0.13077985107923806,0.3251307120497705,0.12345679012345678,0.3220338983050847,0.18614073574263088,0.21212237672652737,0.6298461701927718,1.6056141811673532,-0.07304130490629453,0.12164506969943417,,
29,5,5178,1029,0.1724137931034483,0.19872537659327927,0.8675982708354277,0.004859086491739553,1.0,9999,24,19,13,10.0,INSUFFICIENT_FOR_GATE,CRASH500,CRT_MSS,wf2,3.0,30,0.0759785725289123,0.34548439890195237,0.04,0.30303030303030304,0.18614073574263088,0.21212237672652737,0.2076232283109145,1.5097028675275812,-0.15504287180673906,0.10158647773468517,,
44,8,5178,1029,0.18181818181818182,0.19872537659327927,0.9149218128809965,0.007774538386783284,1.0,9999,24,19,17,11.5,INSUFFICIENT_FOR_GATE,CRASH500,CRT_DISPLACEMENT,wf2,3.0,30,0.09512805715627728,0.3196055088718468,0.08108108108108109,0.3111111111111111,0.18614073574263088,0.21212237672652737,0.4158415225454606,1.5408468729346658,-0.11466384797089911,0.10889287258129592,,
25,5,5178,1029,0.2,0.19872537659327927,1.0064139941690962,0.004859086491739553,0.4798,9999,24,19,12,10.0,INSUFFICIENT_FOR_GATE,CRASH500,CRT_MSS_DISPLACEMENT,wf2,3.0,30,0.08860584686802572,0.3913095036954033,0.05263157894736842,0.3333333333333333,0.18614073574263088,0.21212237672652737,0.2654839089073462,1.705411928592521,-0.14370454369622174,0.1396392613783361,,
10,1,5178,1029,0.1,0.19872537659327927,0.5032069970845481,0.0009718172983479105,1.0,9997,24,19,7,4.0,INSUFFICIENT_FOR_GATE,CRASH500,CRT_MSS_DISPLACEMENT_FVG,wf2,3.0,30,0.017876213095072896,0.4041500267952385,0.0,0.2857142857142857,0.18614073574263088,0.21212237672652737,0.0,1.4536916662086081,-0.20561106840891621,0.09104555038433963,,
433,84,5178,1029,0.19399538106235567,0.19872537659327927,0.9761983315266061,0.08163265306122448,1.0,9999,24,19,19,14.0,INSUFFICIENT_FOR_GATE,CRASH500,ATR_COMPRESSION,wf2,3.0,30,0.1595078573303889,0.2338647389533996,0.1570048309178744,0.23498819743161084,0.18614073574263088,0.21212237672652737,0.8075198206194165,1.1574016296366345,-0.03796269370932261,0.031634365473590755,,
384,72,5178,1029,0.1875,0.19872537659327927,0.9435131195335277,0.06997084548104957,1.0,9999,24,19,19,14.0,INSUFFICIENT_FOR_GATE,CRASH500,BB_SQUEEZE,wf2,3.0,30,0.15162726563387005,0.22956318076717805,0.1546134663341646,0.2215916960463359,0.18614073574263088,0.21212237672652737,0.784049031478347,1.1144546977942689,-0.043171016484161,0.022380441011921565,,
0,0,5178,1029,,0.19872537659327927,,0.0,1.0,0,24,19,0,,INSUFFICIENT_FOR_GATE,CRASH500,CANDLE_COMPRESSION,wf2,3.0,30,,,,,0.18614073574263088,0.21212237672652737,,,,,,
140,28,5178,1029,0.2,0.19872537659327927,1.0064139941690962,0.027210884353741496,0.4829,9999,24,19,19,10.0,INSUFFICIENT_FOR_GATE,CRASH500,CANDLE_STRUCTURE,wf2,3.0,30,0.14215457530844622,0.27386914491320163,0.13076923076923078,0.2641509433962264,0.18614073574263088,0.21212237672652737,0.6406468944864865,1.3583525865357284,-0.07347500900245767,0.06926247272665619,,
225,60,5178,1029,0.26666666666666666,0.19872537659327927,1.3418853255587948,0.05830903790087463,0.0033,9999,24,19,19,13.5,INSUFFICIENT_FOR_GATE,CRASH500,SR_ALIGNMENT,wf2,3.0,30,0.21315491971385658,0.32801213742209956,0.21658714031713777,0.31878045693310547,0.18614073574263088,0.21212237672652737,1.1149568384640973,1.5775437549562097,0.02248103225336689,0.11605481400392233,,
193,44,5178,1029,0.22797927461139897,0.19872537659327927,1.1472076617471563,0.042759961127308066,0.1392,9999,24,19,19,13.5,INSUFFICIENT_FOR_GATE,CRASH500,ATR_BB_COMPRESSION,wf2,3.0,30,0.17444062528494136,0.2921351630216974,0.17415730337078653,0.2879581151832461,0.18614073574263088,0.21212237672652737,0.8979345384561271,1.4239086022078529,-0.01985666318252098,0.08508452356181095,,
13,2,5178,1029,0.15384615384615385,0.19872537659327927,0.7741646108993048,0.001943634596695821,1.0,9999,24,19,9,8.0,INSUFFICIENT_FOR_GATE,CRASH500,CRT_ATR,wf2,3.0,30,0.043258178358081184,0.4223463101948254,0.0,0.3333333333333333,0.18614073574263088,0.21212237672652737,0.0,1.659775270490586,-0.20322081304979076,0.1324738925694893,,
35,9,5178,1029,0.2571428571428571,0.19872537659327927,1.2939608496459807,0.008746355685131196,0.2378,9999,24,19,17,18.0,INSUFFICIENT_FOR_GATE,CRASH500,CRT_BB,wf2,3.0,30,0.14163027069060447,0.42069306843839166,0.12121212121212122,0.42115384615384466,0.18614073574263088,0.21212237672652737,0.6214663253773021,2.08884144864341,-0.07507806862857995,0.21805954143121922,,
0,0,5178,1029,,0.19872537659327927,,0.0,1.0,0,24,19,0,,INSUFFICIENT_FOR_GATE,CRASH500,CRT_CANDLE_COMPRESSION,wf2,3.0,30,,,,,0.18614073574263088,0.21212237672652737,,,,,,
8,2,5178,1029,0.25,0.19872537659327927,1.2580174927113703,0.001943634596695821,0.3205320532053205,9998,24,19,7,14.0,INSUFFICIENT_FOR_GATE,CRASH500,CRT_CANDLE_STRUCTURE,wf2,3.0,30,0.071479212752109,0.5907245696898311,0.0,0.5,0.18614073574263088,0.21212237672652737,0.0,2.554897739728298,-0.20306895177361498,0.3046109684864559,,
5,2,5178,1029,0.4,0.19872537659327927,2.0128279883381923,0.001943634596695821,0.1864848606376579,9973,24,19,5,16.0,INSUFFICIENT_FOR_GATE,CRASH500,CRT_SR,wf2,3.0,30,0.11762077423264783,0.769275718723987,0.0,1.0,0.18614073574263088,0.21212237672652737,0.0,4.807309237074845,-0.20392231040745018,0.7919833988461848,,
84,15,5052,683,0.17857142857142858,0.13519398258115597,1.320853377954403,0.021961932650073207,0.143,9999,24,19,18,3.0,INSUFFICIENT_FOR_GATE,CRASH500,CRT,wf3,1.5,5,0.11131188660772935,0.27394422451598055,0.10294117647058823,0.26136363636363635,0.13027628549501152,0.1401185770750988,0.7613084981709585,1.9406113916930823,-0.0324745641476706,0.12681567420851864,,
39,9,5052,683,0.23076923076923078,0.13519398258115597,1.7069489807410745,0.013177159590043924,0.0886,9999,24,19,15,3.0,INSUFFICIENT_FOR_GATE,CRASH500,CRT_MSS,wf3,1.5,5,0.1264580412514285,0.3833625722834177,0.09302325581395349,0.36960547504025704,0.13027628549501152,0.1401185770750988,0.6848542207043687,2.7321223759583657,-0.04263276401978089,0.23445305912876596,,
59,11,5052,683,0.1864406779661017,0.13519398258115597,1.3790604759659528,0.016105417276720352,0.1614,9999,24,19,17,2.0,INSUFFICIENT_FOR_GATE,CRASH500,CRT_DISPLACEMENT,wf3,1.5,5,0.1074272194200533,0.3037895044696276,0.08771929824561403,0.28846153846153844,0.13027628549501152,0.1401185770750988,0.6496893559429618,2.12983019045167,-0.04733208588146803,0.15314274157701874,,
37,9,5052,683,0.24324324324324326,0.13519398258115597,1.799216493213565,0.013177159590043924,0.0628,9999,24,19,15,3.0,INSUFFICIENT_FOR_GATE,CRASH500,CRT_MSS_DISPLACEMENT,wf3,1.5,5,0.13361352989116398,0.40117292121442655,0.1,0.38095238095238093,0.13027628549501152,0.1401185770750988,0.7319653867527588,2.8181370149821894,-0.036457274343865705,0.24553612731769947,,
17,4,5052,683,0.23529411764705882,0.13519398258115597,1.7404185685987426,0.005856515373352855,0.12811281128112811,9998,24,19,8,2.0,INSUFFICIENT_FOR_GATE,CRASH500,CRT_MSS_DISPLACEMENT_FVG,wf3,1.5,5,0.09555044322080117,0.4726179811956498,0.07142857142857142,0.42857142857142855,0.13027628549501152,0.1401185770750988,0.5197249814126184,3.17882467773772,-0.06535034340042666,0.2922148287794943,,
416,63,5052,683,0.15144230769230768,0.13519398258115597,1.12018526861133,0.09224011713030747,0.1683,9999,24,19,19,3.0,INSUFFICIENT_FOR_GATE,CRASH500,ATR_COMPRESSION,wf3,1.5,5,0.12019336748404505,0.18906970335562348,0.11556603773584906,0.18561628494636004,0.13027628549501152,0.1401185770750988,0.8636251216911595,1.3553550203742595,-0.018268833405441973,0.04842733602438843,,
372,56,5052,683,0.15053763440860216,0.13519398258115597,1.1134936003400557,0.08199121522693997,0.1659,9999,24,19,19,3.0,INSUFFICIENT_FOR_GATE,CRASH500,BB_SQUEEZE,wf3,1.5,5,0.11778078664949349,0.19043816073374237,0.11508951406649616,0.18313953488372092,0.13027628549501152,0.1401185770750988,0.866728924599351,1.3329333301901813,-0.017692350240446773,0.04557038663296913,,
0,0,5052,683,,0.13519398258115597,,0.0,1.0,0,24,19,0,,INSUFFICIENT_FOR_GATE,CRASH500,CANDLE_COMPRESSION,wf3,1.5,5,,,,,0.13027628549501152,0.1401185770750988,,,,,,
147,23,5052,683,0.1564625850340136,0.13519398258115597,1.1573191502076674,0.03367496339677892,0.2195,9999,24,19,19,3.0,INSUFFICIENT_FOR_GATE,CRASH500,CANDLE_STRUCTURE,wf3,1.5,5,0.10657941287495824,0.22384339800451541,0.10446206467661692,0.2116788321167883,0.13027628549501152,0.1401185770750988,0.765710992845935,1.571310502764027,-0.03191083112698744,0.07704206483455833,,
223,46,5052,683,0.2062780269058296,0.13519398258115597,1.5257929603634717,0.06734992679355783,0.0083,9999,24,19,19,3.0,INSUFFICIENT_FOR_GATE,CRASH500,SR_ALIGNMENT,wf3,1.5,5,0.15836170362120813,0.2641424511261461,0.150483288942349,0.2652218278615794,0.13027628549501152,0.1401185770750988,1.118756402938766,1.9494887496467292,0.016027854155841636,0.1291606172211755,,
176,29,5052,683,0.16477272727272727,0.13519398258115597,1.2187874351124717,0.0424597364568082,0.1647,9999,24,19,19,3.0,INSUFFICIENT_FOR_GATE,CRASH500,ATR_BB_COMPRESSION,wf3,1.5,5,0.11724388600909857,0.22662264635901025,0.10637632978723405,0.22727272727272727,0.13027628549501152,0.1401185770750988,0.7813368569628955,1.6890647213541246,-0.029872931525736352,0.09274570014509151,,
20,2,5052,683,0.1,0.13519398258115597,0.7396778916544656,0.0029282576866764276,1.0,9999,24,19,15,3.0,INSUFFICIENT_FOR_GATE,CRASH500,CRT_ATR,wf3,1.5,5,0.027866481213768224,0.3010336452284873,0.0,0.20833333333333334,0.13027628549501152,0.1401185770750988,0.0,1.5511993139278086,-0.13823465424598855,0.07342131921573561,,
43,5,5052,683,0.11627906976744186,0.13519398258115597,0.860090571691239,0.007320644216691069,1.0,9999,24,19,17,3.0,INSUFFICIENT_FOR_GATE,CRASH500,CRT_BB,wf3,1.5,5,0.05070427739804166,0.24479161810082128,0.0425531914893617,0.19148936170212766,0.13027628549501152,0.1401185770750988,0.31583449715088535,1.4164368590736052,-0.0930117787958534,0.05632423151867595,,
0,0,5052,683,,0.13519398258115597,,0.0,1.0,0,24,19,0,,INSUFFICIENT_FOR_GATE,CRASH500,CRT_CANDLE_COMPRESSION,wf3,1.5,5,,,,,0.13027628549501152,0.1401185770750988,,,,,,
5,0,5052,683,0.0,0.13519398258115597,0.0,0.0,1.0,9892,24,19,4,,INSUFFICIENT_FOR_GATE,CRASH500,CRT_CANDLE_STRUCTURE,wf3,1.5,5,0.0,0.43448246478317476,0.0,0.0,0.13027628549501152,0.1401185770750988,0.0,0.0,-0.1401185770750988,-0.13027851605382954,,
7,2,5052,683,0.2857142857142857,0.13519398258115597,2.1133654047270443,0.0029282576866764276,0.057673019057171516,9969,24,19,5,2.0,INSUFFICIENT_FOR_GATE,CRASH500,CRT_SR,wf3,1.5,5,0.08221892400405678,0.6410655481673808,0.0,0.5,0.13027628549501152,0.1401185770750988,0.0,3.66301911070435,-0.13836104513064132,0.3635005754237334,,
84,21,5052,1138,0.25,0.2252573238321457,1.109841827768014,0.01845342706502636,0.3104,9999,24,19,18,3.0,INSUFFICIENT_FOR_GATE,CRASH500,CRT,wf3,1.5,10,0.16972312954861019,0.35214273465871976,0.15053763440860216,0.3536839430894305,0.2172652395027998,0.2324896023969295,0.66042854163943,1.5960060385021861,-0.07770207549857548,0.13243958901236308,,
39,13,5052,1138,0.3333333333333333,0.2252573238321457,1.4797891036906852,0.011423550087873463,0.0814,9999,24,19,15,3.0,INSUFFICIENT_FOR_GATE,CRASH500,CRT_MSS,wf3,1.5,10,0.20632956189598373,0.4902260560065401,0.1922667757774141,0.4864864864864865,0.2172652395027998,0.2324896023969295,0.8492228911631503,2.1663822992874895,-0.03387503471150356,0.2613756567483654,,
59,16,5052,1138,0.2711864406779661,0.2252573238321457,1.203896219951744,0.014059753954305799,0.2654,9999,24,19,17,3.0,INSUFFICIENT_FOR_GATE,CRASH500,CRT_DISPLACEMENT,wf3,1.5,10,0.17436970937918053,0.3959776296754516,0.13432835820895522,0.4107142857142857,0.2172652395027998,0.2324896023969295,0.589525555761117,1.8524749936816516,-0.09346264077771729,0.18990041453498746,,
37,12,5052,1138,0.32432432432432434,0.2252573238321457,1.4397948035909371,0.01054481546572935,0.0932,9999,24,19,15,3.0,INSUFFICIENT_FOR_GATE,CRASH500,CRT_MSS_DISPLACEMENT,wf3,1.5,10,0.19633266528144183,0.48536332758027806,0.17639705882352943,0.4681183510638293,0.2172652395027998,0.2324896023969295,0.7730021368495478,2.0939194641913654,-0.05160616078547426,0.24377484337047764,,
17,5,5052,1138,0.29411764705882354,0.2252573238321457,1.3056962679623694,0.004393673110720563,0.18191819181918192,9998,24,19,8,2.0,INSUFFICIENT_FOR_GATE,CRASH500,CRT_MSS_DISPLACEMENT_FVG,wf3,1.5,10,0.1327998961029523,0.5313311006653985,0.13333333333333333,0.45454545454545453,0.2172652395027998,0.2324896023969295,0.5806908996876037,2.0396873697936755,-0.09545443083322898,0.23110970586757285,,
416,90,5052,1138,0.21634615384615385,0.2252573238321457,0.9604400432607814,0.07908611599297012,1.0,9999,24,19,19,4.0,INSUFFICIENT_FOR_GATE,CRASH500,ATR_COMPRESSION,wf3,1.5,10,0.1794700808760269,0.2584129698762551,0.17380352644836272,0.25925925925925924,0.2172652395027998,0.2324896023969295,0.7776575229216675,1.1408832385413181,-0.04949435225326432,0.031702547422231886,,
372,84,5052,1138,0.22580645161290322,0.2252573238321457,1.0024377799194966,0.07381370826010544,0.4855,9999,24,19,19,4.0,INSUFFICIENT_FOR_GATE,CRASH500,BB_SQUEEZE,wf3,1.5,10,0.1862455431851233,0.2709724001463387,0.19390283400809719,0.2578989361702127,0.2172652395027998,0.2324896023969295,0.8682047041320041,1.1326959161310932,-0.029487094619901646,0.0301280793328492,,
0,0,5052,1138,,0.2252573238321457,,0.0,1.0,0,24,19,0,,INSUFFICIENT_FOR_GATE,CRASH500,CANDLE_COMPRESSION,wf3,1.5,10,,,,,0.2172652395027998,0.2324896023969295,,,,,,
147,35,5052,1138,0.23809523809523808,0.2252573238321457,1.0569922169219181,0.030755711775043937,0.3618,9999,24,19,19,4.0,INSUFFICIENT_FOR_GATE,CRASH500,CANDLE_STRUCTURE,wf3,1.5,10,0.1764692552510675,0.31306100650853125,0.16666666666666666,0.3088235294117647,0.2172652395027998,0.2324896023969295,0.7410200985191879,1.3630525393466462,-0.058230172678770856,0.08231554211712094,,
223,63,5052,1138,0.2825112107623318,0.2252573238321457,1.2541710340696839,0.05536028119507909,0.0196,9999,24,19,19,4.0,INSUFFICIENT_FOR_GATE,CRASH500,SR_ALIGNMENT,wf3,1.5,10,0.22749014861366243,0.3448984239855235,0.22510281385281386,0.3374485596707819,0.2172652395027998,0.2324896023969295,1.0000031868289314,1.4972327237805276,9.178550581622504e-07,0.11162965729818793,,
176,48,5052,1138,0.2727272727272727,0.2252573238321457,1.2107365393832878,0.0421792618629174,0.0782,9999,24,19,19,5.0,INSUFFICIENT_FOR_GATE,CRASH500,ATR_BB_COMPRESSION,wf3,1.5,10,0.21231081518125483,0.3428529355767851,0.2080905458354347,0.3388888888888889,0.2172652395027998,0.2324896023969295,0.9261112322170038,1.5040407718921525,-0.016659673761725897,0.11320759489794803,,
20,4,5052,1138,0.2,0.2252573238321457,0.8878734622144112,0.0035149384885764497,1.0,9999,24,19,15,6.0,INSUFFICIENT_FOR_GATE,CRASH500,CRT_ATR,wf3,1.5,10,0.08065766257979806,0.41601743225189364,0.05555555555555555,0.3333333333333333,0.2172652395027998,0.2324896023969295,0.24638048510165964,1.5067510485029962,-0.1702057419678048,0.11261497159706212,,
43,8,5052,1138,0.18604651162790697,0.2252573238321457,0.8259288020599174,0.007029876977152899,1.0,9999,24,19,17,4.5,INSUFFICIENT_FOR_GATE,CRASH500,CRT_BB,wf3,1.5,10,0.09741751428996226,0.32617003657274385,0.06060606060606061,0.30434782608695654,0.2172652395027998,0.2324896023969295,0.27228567827356537,1.3666609681310018,-0.1635822544543181,0.081994288795531,,
0,0,5052,1138,,0.2252573238321457,,0.0,1.0,0,24,19,0,,INSUFFICIENT_FOR_GATE,CRASH500,CRT_CANDLE_COMPRESSION,wf3,1.5,10,,,,,0.2172652395027998,0.2324896023969295,,,,,,
5,1,5052,1138,0.2,0.2252573238321457,0.8878734622144112,0.0008787346221441124,1.0,9892,24,19,4,7.0,INSUFFICIENT_FOR_GATE,CRASH500,CRT_CANDLE_STRUCTURE,wf3,1.5,10,0.03622410863243014,0.6244653702374747,0.0,0.5,0.2172652395027998,0.2324896023969295,0.0,2.1203397278232847,-0.22932579218729932,0.2641883900796811,,
7,4,5052,1138,0.5714285714285714,0.2252573238321457,2.5367813206126035,0.0035149384885764497,0.037011033099297895,9969,24,19,5,5.0,INSUFFICIENT_FOR_GATE,CRASH500,CRT_SR,wf3,1.5,10,0.2504583645276572,0.8417801447485302,0.0,1.0,0.2172652395027998,0.2324896023969295,0.0,4.333643822648102,-0.22524942440521872,0.7692473029793604,,
84,28,5052,1503,0.3333333333333333,0.2975059382422803,1.1204258150365936,0.018629407850964737,0.2465,9999,24,19,18,4.5,INSUFFICIENT_FOR_GATE,CRASH500,CRT,wf3,1.5,15,0.24177214000720681,0.4394717694643464,0.2236764705882353,0.43529411764705883,0.28794879751212565,0.3062866047523427,0.7496932674513287,1.4652125391849529,-0.07450875763345509,0.13841555432063885,,
39,15,5052,1503,0.38461538461538464,0.2975059382422803,1.2927990173499158,0.00998003992015968,0.1161,9999,24,19,15,4.0,INSUFFICIENT_FOR_GATE,CRASH500,CRT_MSS,wf3,1.5,15,0.24891373465561348,0.5410093854307493,0.22857142857142856,0.5294117647058824,0.28794879751212565,0.3062866047523427,0.7679181283332107,1.770647634133568,-0.06923048699490078,0.23017294830536783,,
59,22,5052,1503,0.3728813559322034,0.2975059382422803,1.2533576913968674,0.014637391882900865,0.1593,9999,24,19,17,5.0,INSUFFICIENT_FOR_GATE,CRASH500,CRT_DISPLACEMENT,wf3,1.5,15,0.2608399879232115,0.5004640893293619,0.22,0.5151515151515151,0.28794879751212565,0.3062866047523427,0.7380240105308453,1.7308019882070194,-0.07820534318610553,0.21680335715067867,,
37,14,5052,1503,0.3783783783783784,0.2975059382422803,1.2718347089604576,0.009314703925482368,0.1192,9999,24,19,15,3.5,INSUFFICIENT_FOR_GATE,CRASH500,CRT_MSS_DISPLACEMENT,wf3,1.5,15,0.24063999175798265,0.5389956956078235,0.21052631578947367,0.5122263914946837,0.28794879751212565,0.3062866047523427,0.7077546672411884,1.7203573030545058,-0.08719038298304252,0.2135121579726696,,
17,7,5052,1503,0.4117647058823529,0.2975059382422803,1.3840554185746154,0.004657351962741184,0.1005100510051005,9998,24,19,8,4.0,INSUFFICIENT_FOR_GATE,CRASH500,CRT_MSS_DISPLACEMENT_FVG,wf3,1.5,15,0.2161105679021481,0.6399455735700021,0.23529411764705882,0.5882352941176471,0.28794879751212565,0.3062866047523427,0.7878214053368987,1.9826086956521742,-0.06328213342561378,0.2907695502172245,,
416,114,5052,1503,0.27403846153846156,0.2975059382422803,0.921119299861815,0.07584830339321358,1.0,9999,24,19,19,5.0,INSUFFICIENT_FOR_GATE,CRASH500,ATR_COMPRESSION,wf3,1.5,15,0.23339126420754,0.31882065757817607,0.22965722801788377,0.31900667959491485,0.28794879751212565,0.3062866047523427,0.7751460686348646,1.064380085118685,-0.06663137183733009,0.01923106704245116,,
372,116,5052,1503,0.3118279569892473,0.2975059382422803,1.0481402785826197,0.0771789753825682,0.2075,9999,24,19,19,6.5,INSUFFICIENT_FOR_GATE,CRASH500,BB_SQUEEZE,wf3,1.5,15,0.26687880026444943,0.3606237098649854,0.27475111522141227,0.3474576271186441,0.28794879751212565,0.3062866047523427,0.9280483400606844,1.1665352770158302,-0.02123495517579404,0.04925727671048526,,
0,0,5052,1503,,0.2975059382422803,,0.0,1.0,0,24,19,0,,INSUFFICIENT_FOR_GATE,CRASH500,CANDLE_COMPRESSION,wf3,1.5,15,,,,,0.28794879751212565,0.3062866047523427,,,,,,
147,40,5052,1503,0.272108843537415,0.2975059382422803,0.9146333183972193,0.02661343978709248,1.0,9999,24,19,19,4.5,INSUFFICIENT_FOR_GATE,CRASH500,CANDLE_STRUCTURE,wf3,1.5,15,0.20665388387398315,0.34917114908566776,0.19229495669893024,0.34966783216783187,0.28794879751212565,0.3062866047523427,0.6465528852290693,1.1776128159239683,-0.1048615687390645,0.0527995700390955,,
223,82,5052,1503,0.36771300448430494,0.2975059382422803,1.2359854282466458,0.054557551563539586,0.0001,9999,24,19,19,5.0,INSUFFICIENT_FOR_GATE,CRASH500,SR_ALIGNMENT,wf3,1.5,15,0.307165449535502,0.4327410018392606,0.3284313725490196,0.40585774058577406,0.28794879751212565,0.3062866047523427,1.109432097572792,1.3603134023988273,0.03238538934847636,0.10708796266132181,,
176,56,5052,1503,0.3181818181818182,0.2975059382422803,1.0694973688985665,0.037258815701929474,0.25,9999,24,19,19,5.0,INSUFFICIENT_FOR_GATE,CRASH500,ATR_BB_COMPRESSION,wf3,1.5,15,0.2538817641070403,0.39024923649939164,0.25842696629213485,0.37575757575757573,0.28794879751212565,0.3062866047523427,0.8656282728981358,1.2694598336390917,-0.04000982294025793,0.07946370865416971,,
20,6,5052,1503,0.3,0.2975059382422803,1.0083832335329341,0.003992015968063872,0.4609,9999,24,19,15,8.5,INSUFFICIENT_FOR_GATE,CRASH500,CRT_ATR,wf3,1.5,15,0.1454772448676043,0.5189728183535235,0.13333333333333333,0.45,0.28794879751212565,0.3062866047523427,0.4504687027775731,1.5200416538011592,-0.16358109935340767,0.15423695363114534,,
43,14,5052,1503,0.32558139534883723,0.2975059382422803,1.094369400733417,0.009314703925482368,0.3486,9999,24,19,17,8.5,INSUFFICIENT_FOR_GATE,CRASH500,CRT_BB,wf3,1.5,15,0.20493297126568708,0.47483789032470525,0.16216216216216217,0.47058823529411764,0.28794879751212565,0.3062866047523427,0.5425285306807881,1.5752152250617697,-0.13666230118097855,0.1709751685110742,,
0,0,5052,1503,,0.2975059382422803,,0.0,1.0,0,24,19,0,,INSUFFICIENT_FOR_GATE,CRASH500,CRT_CANDLE_COMPRESSION,wf3,1.5,15,,,,,0.28794879751212565,0.3062866047523427,,,,,,
5,1,5052,1503,0.2,0.2975059382422803,0.6722554890219562,0.0006653359946773121,1.0,9892,24,19,4,7.0,INSUFFICIENT_FOR_GATE,CRASH500,CRT_CANDLE_STRUCTURE,wf3,1.5,15,0.03622410863243014,0.6244653702374747,0.0,0.5,0.28794879751212565,0.3062866047523427,0.0,1.6200547711274937,-0.3029686864579097,0.19136845775584935,,
7,4,5052,1503,0.5714285714285714,0.2975059382422803,1.9207299686341601,0.0026613439787092482,0.0637913741223671,9969,24,19,5,5.0,INSUFFICIENT_FOR_GATE,CRASH500,CRT_SR,wf3,1.5,15,0.2504583645276572,0.8417801447485302,0.0,1.0,0.28794879751212565,0.3062866047523427,0.0,3.3003587443946185,-0.29653589315525875,0.6970026350461133,,
84,39,5052,2115,0.4642857142857143,0.418646080760095,1.109017223910841,0.018439716312056736,0.204,9999,24,19,18,10.0,INSUFFICIENT_FOR_GATE,CRASH500,CRT,wf3,1.5,30,0.3615422828345619,0.5701528406236281,0.35135135135135137,0.5632183908045977,0.4039909638554217,0.4333464490352096,0.8301926211060567,1.3510675952255506,-0.07162835298236726,0.14598082131752088,,
39,21,5052,2115,0.5384615384615384,0.418646080760095,1.2861974904528095,0.009929078014184398,0.0375,9999,24,19,15,6.0,INSUFFICIENT_FOR_GATE,CRASH500,CRT_MSS,wf3,1.5,30,0.3856944827051576,0.6843311439327215,0.36666666666666664,0.6666666666666666,0.4039909638554217,0.4333464490352096,0.8697855904448855,1.5991564001843073,-0.054853479715598376,0.24923233693977184,,
59,33,5052,2115,0.559322033898305,0.418646080760095,1.3360259646592136,0.015602836879432624,0.0322,9999,24,19,17,11.0,INSUFFICIENT_FOR_GATE,CRASH500,CRT_DISPLACEMENT,wf3,1.5,30,0.43289354829158677,0.678497882323879,0.3958333333333333,0.7068965517241379,0.4039909638554217,0.4333464490352096,0.9387610568235742,1.6916859013952554,-0.025465981552216115,0.2888860699977057,,
37,18,5052,2115,0.4864864864864865,0.418646080760095,1.1620471535365153,0.00851063829787234,0.1921,9999,24,19,15,5.0,INSUFFICIENT_FOR_GATE,CRASH500,CRT_MSS_DISPLACEMENT,wf3,1.5,30,0.3344640430301664,0.6410510333438121,0.2961873638344227,0.631578947368421,0.4039909638554217,0.4333464490352096,0.7057930321316729,1.5088787312769119,-0.12388109746958441,0.2121810563146201,,
17,9,5052,2115,0.5294117647058824,0.418646080760095,1.2645807259073842,0.00425531914893617,0.1342134213421342,9998,24,19,8,6.0,INSUFFICIENT_FOR_GATE,CRASH500,CRT_MSS_DISPLACEMENT_FVG,wf3,1.5,30,0.30963235060004424,0.7383489355759056,0.3333333333333333,0.7142857142857143,0.4039909638554217,0.4333464490352096,0.7932745471408594,1.7437990987964986,-0.08693493479094748,0.3056512050907177,,
416,163,5052,2115,0.3918269230769231,0.418646080760095,0.9359383524277141,0.07706855791962175,1.0,9999,24,19,19,7.0,INSUFFICIENT_FOR_GATE,CRASH500,ATR_COMPRESSION,wf3,1.5,30,0.3461116483509729,0.439521718461338,0.3488943488943489,0.4375,0.4039909638554217,0.4333464490352096,0.8417432828272879,1.033383547375349,-0.0659220488467238,0.014036149503164851,,
372,166,5052,2115,0.44623655913978494,0.418646080760095,1.0659040646686493,0.07848699763593381,0.0506,9999,24,19,19,10.0,INSUFFICIENT_FOR_GATE,CRASH500,BB_SQUEEZE,wf3,1.5,30,0.3965267743548363,0.4970453713964308,0.40691489361702127,0.48717948717948717,0.4039909638554217,0.4333464490352096,0.9914580516514258,1.1441837226823406,-0.0035228587848945667,0.06101364067396951,,
0,0,5052,2115,,0.418646080760095,,0.0,1.0,0,24,19,0,,INSUFFICIENT_FOR_GATE,CRASH500,CANDLE_COMPRESSION,wf3,1.5,30,,,,,0.4039909638554217,0.4333464490352096,,,,,,
147,58,5052,2115,0.3945578231292517,0.418646080760095,0.9424615236165388,0.027423167848699765,1.0,9999,24,19,19,7.5,INSUFFICIENT_FOR_GATE,CRASH500,CANDLE_STRUCTURE,wf3,1.5,30,0.3191996254209322,0.47528658385890626,0.3219178082191781,0.47183098591549294,0.4039909638554217,0.4333464490352096,0.7690221743385272,1.1198084205531187,-0.0971622397211594,0.05041326247346925,,
223,106,5052,2115,0.47533632286995514,0.418646080760095,1.1354132875361764,0.050118203309692674,0.0181,9999,24,19,19,8.0,INSUFFICIENT_FOR_GATE,CRASH500,SR_ALIGNMENT,wf3,1.5,30,0.41076544158771555,0.540742540871986,0.42035398230088494,0.5314009661835749,0.4039909638554217,0.4333464490352096,1.00981714552253,1.261093069216699,0.0040917217101188,0.10954853848506357,,
176,82,5052,2115,0.4659090909090909,0.418646080760095,1.1128949065119278,0.03877068557919622,0.0834,9999,24,19,19,7.0,INSUFFICIENT_FOR_GATE,CRASH500,ATR_BB_COMPRESSION,wf3,1.5,30,0.3937279643060311,0.5395465983076749,0.39790294432246803,0.5321637426900585,0.4039909638554217,0.4333464490352096,0.9559014116974025,1.2729725781230148,-0.018504466060457626,0.11335863079187766,,
20,6,5052,2115,0.3,0.418646080760095,0.7165957446808511,0.0028368794326241137,1.0,9999,24,19,15,8.5,INSUFFICIENT_FOR_GATE,CRASH500,CRT_ATR,wf3,1.5,30,0.1454772448676043,0.5189728183535235,0.13333333333333333,0.45,0.4039909638554217,0.4333464490352096,0.32027908310593345,1.0826886310130774,-0.28375592369921926,0.03437793188054554,,
43,23,5052,2115,0.5348837209302325,0.418646080760095,1.2776513277255483,0.010874704491725768,0.123,9999,24,19,17,13.0,INSUFFICIENT_FOR_GATE,CRASH500,CRT_BB,wf3,1.5,30,0.38915640472313967,0.6748894229587816,0.32,0.723404255319149,0.4039909638554217,0.4333464490352096,0.7632180124985424,1.7245405856517362,-0.10025909248419353,0.30372310006215186,,
0,0,5052,2115,,0.418646080760095,,0.0,1.0,0,24,19,0,,INSUFFICIENT_FOR_GATE,CRASH500,CRT_CANDLE_COMPRESSION,wf3,1.5,30,,,,,0.4039909638554217,0.4333464490352096,,,,,,
5,1,5052,2115,0.2,0.418646080760095,0.47773049645390075,0.00047281323877068556,1.0,9892,24,19,4,7.0,INSUFFICIENT_FOR_GATE,CRASH500,CRT_CANDLE_STRUCTURE,wf3,1.5,30,0.03622410863243014,0.6244653702374747,0.0,0.5,0.4039909638554217,0.4333464490352096,0.0,1.1419194759479698,-0.426591159419809,0.062140753914268175,,
7,4,5052,2115,0.5714285714285714,0.418646080760095,1.3649442755825734,0.0018912529550827422,0.19939819458375124,9969,24,19,5,5.0,INSUFFICIENT_FOR_GATE,CRASH500,CRT_SR,wf3,1.5,30,0.2504583645276572,0.8417801447485302,0.0,1.0,0.4039909638554217,0.4333464490352096,0.0,2.34047729345513,-0.41771831748922245,0.5727367221888479,,
84,12,5052,417,0.14285714285714285,0.08254156769596199,1.7307297019527235,0.02877697841726619,0.0822,9999,24,19,18,3.0,INSUFFICIENT_FOR_GATE,CRASH500,CRT,wf3,2.0,5,0.08365020540566916,0.23330102917623075,0.06756756756756757,0.23076923076923078,0.07785087719298246,0.08659638554216867,0.8286909934142886,2.7557524228671317,-0.013924519648557966,0.14712947970113124,,
39,8,5052,417,0.20512820512820512,0.08254156769596199,2.485150341265449,0.019184652278177457,0.0352,9999,24,19,15,3.5,INSUFFICIENT_FOR_GATE,CRASH500,CRT_MSS,wf3,2.0,5,0.10779718230710382,0.35533968013582296,0.08,0.3404497098646031,0.07785087719298246,0.08659638554216867,0.9732497939097986,4.0584908004901825,-0.0021713599726583305,0.2551715876590325,,
59,8,5052,417,0.13559322033898305,0.08254156769596199,1.6427264967686868,0.019184652278177457,0.1405,9999,24,19,17,2.5,INSUFFICIENT_FOR_GATE,CRASH500,CRT_DISPLACEMENT,wf3,2.0,5,0.0703417467253372,0.24539660806537295,0.046875,0.23612373737373718,0.07785087719298246,0.08659638554216867,0.5743758996041741,2.810457355006198,-0.03471628604495736,0.15140051486439335,,
37,8,5052,417,0.21621621621621623,0.08254156769596199,2.619482792144663,0.019184652278177457,0.0238,9999,24,19,15,3.5,INSUFFICIENT_FOR_GATE,CRASH500,CRT_MSS_DISPLACEMENT,wf3,2.0,5,0.11386511993385592,0.3719514839196916,0.08571428571428572,0.3488372093023256,0.07785087719298246,0.08659638554216867,1.0498642541953531,4.186281140471731,0.003975126276729782,0.2655383527906871,,
17,2,5052,417,0.11764705882352941,0.08254156769596199,1.4253068133728313,0.004796163069544364,0.27622762276227625,9998,24,19,8,4.5,INSUFFICIENT_FOR_GATE,CRASH500,CRT_MSS_DISPLACEMENT_FVG,wf3,2.0,5,0.03287977376379267,0.3433635059488588,0.0,0.23809523809523808,0.07785087719298246,0.08659638554216867,0.0,2.856995951417003,-0.08275721838145587,0.1541141268734078,,
416,36,5052,417,0.08653846153846154,0.08254156769596199,1.0484228002213614,0.08633093525179857,0.3806,9999,24,19,19,3.0,INSUFFICIENT_FOR_GATE,CRASH500,ATR_COMPRESSION,wf3,2.0,5,0.06316278778901033,0.1174803031380448,0.06053236905823882,0.11162790697674418,0.07785087719298246,0.08659638554216867,0.7397606039038059,1.3390351841100396,-0.021377310679531556,0.02806387447407646,,
372,36,5052,417,0.0967741935483871,0.08254156769596199,1.1724297980970062,0.08633093525179857,0.1256,9999,24,19,19,3.0,INSUFFICIENT_FOR_GATE,CRASH500,BB_SQUEEZE,wf3,2.0,5,0.07072290121258239,0.13106819192192054,0.07182246973080991,0.12105263157894737,0.07785087719298246,0.08659638554216867,0.8739550193299175,1.4680266014979717,-0.01049105111134652,0.038506070127073085,,
0,0,5052,417,,0.08254156769596199,,0.0,1.0,0,24,19,0,,INSUFFICIENT_FOR_GATE,CRASH500,CANDLE_COMPRESSION,wf3,2.0,5,,,,,0.07785087719298246,0.08659638554216867,,,,,,
147,14,5052,417,0.09523809523809523,0.08254156769596199,1.1538198013018157,0.03357314148681055,0.2622,9999,24,19,19,3.0,INSUFFICIENT_FOR_GATE,CRASH500,CANDLE_STRUCTURE,wf3,2.0,5,0.05758071970613986,0.15351150301323996,0.05555555555555555,0.13793103448275862,0.07785087719298246,0.08659638554216867,0.680083551637138,1.6611324786324784,-0.026105388958827646,0.054669301177408265,,
223,26,5052,417,0.11659192825112108,0.08254156769596199,1.4125237926250929,0.06235011990407674,0.0785,9999,24,19,19,3.0,INSUFFICIENT_FOR_GATE,CRASH500,SR_ALIGNMENT,wf3,2.0,5,0.08081910804141801,0.1653504374684871,0.07035175879396985,0.16595744680851063,0.07785087719298246,0.08659638554216867,0.8619836002248722,1.976525821596244,-0.01123265494461647,0.08165153913928139,,
176,19,5052,417,0.10795454545454546,0.08254156769596199,1.3078809679529104,0.045563549160671464,0.0903,9999,24,19,19,3.0,INSUFFICIENT_FOR_GATE,CRASH500,ATR_BB_COMPRESSION,wf3,2.0,5,0.07020794785149065,0.16244952220612818,0.06875,0.14673913043478262,0.07785087719298246,0.08659638554216867,0.8502886175106297,1.7396599754391195,-0.012113257378150406,0.06230940342161659,,
20,2,5052,417,0.1,0.08254156769596199,1.2115107913669065,0.004796163069544364,0.3339,9999,24,19,15,3.0,INSUFFICIENT_FOR_GATE,CRASH500,CRT_ATR,wf3,2.0,5,0.027866481213768224,0.3010336452284873,0.0,0.20833333333333334,0.07785087719298246,0.08659638554216867,0.0,2.5461756547478993,-0.08549228213215035,0.12628245565167995,,
43,3,5052,417,0.06976744186046512,0.08254156769596199,0.8452400870001673,0.007194244604316547,1.0,9999,24,19,17,4.0,INSUFFICIENT_FOR_GATE,CRASH500,CRT_BB,wf3,2.0,5,0.024011589577214484,0.18608986901241975,0.0,0.13333333333333333,0.07785087719298246,0.08659638554216867,0.0,1.5932732986654259,-0.080040733197556,0.04961833953186664,,
0,0,5052,417,,0.08254156769596199,,0.0,1.0,0,24,19,0,,INSUFFICIENT_FOR_GATE,CRASH500,CRT_CANDLE_COMPRESSION,wf3,2.0,5,,,,,0.07785087719298246,0.08659638554216867,,,,,,
5,0,5052,417,0.0,0.08254156769596199,0.0,0.0,1.0,9892,24,19,4,,INSUFFICIENT_FOR_GATE,CRASH500,CRT_CANDLE_STRUCTURE,wf3,2.0,5,0.0,0.43448246478317476,0.0,0.0,0.07785087719298246,0.08659638554216867,0.0,0.0,-0.08654994031038599,-0.07784611697657318,,
7,2,5052,417,0.2857142857142857,0.08254156769596199,3.461459403905447,0.004796163069544364,0.033600802407221665,9969,24,19,5,2.0,INSUFFICIENT_FOR_GATE,CRASH500,CRT_SR,wf3,2.0,5,0.08221892400405678,0.6410655481673808,0.0,0.5,0.07785087719298246,0.08659638554216867,0.0,5.995150329747486,-0.08441957121926424,0.41658611761945386,,
84,19,5052,784,0.2261904761904762,0.15518606492478226,1.4575437317784257,0.02423469387755102,0.1053,9999,24,19,18,4.0,INSUFFICIENT_FOR_GATE,CRASH500,CRT,wf3,2.0,10,0.14986020837445108,0.32646907147167215,0.1232876712328767,0.33766233766233766,0.1469385393957043,0.1632996632996633,0.798731413752151,2.17499428256799,-0.031247007281553975,0.1834198905334603,,
39,10,5052,784,0.2564102564102564,0.15518606492478226,1.6522762951334378,0.012755102040816327,0.0526,9999,24,19,15,4.0,INSUFFICIENT_FOR_GATE,CRASH500,CRT_MSS,wf3,2.0,10,0.14568780540992585,0.4108165592168397,0.12903225806451613,0.38,0.1469385393957043,0.1632996632996633,0.8302847027743065,2.441457282016961,-0.02583478476583524,0.22364330410506958,,
59,15,5052,784,0.2542372881355932,0.15518606492478226,1.6382739536492563,0.01913265306122449,0.0836,9999,24,19,17,4.0,INSUFFICIENT_FOR_GATE,CRASH500,CRT_DISPLACEMENT,wf3,2.0,10,0.16055977573236907,0.37796144028927275,0.11538461538461539,0.39473684210526316,0.1469385393957043,0.1632996632996633,0.7492375581525209,2.527462996788655,-0.03817861784012928,0.2384654387599779,,
37,10,5052,784,0.2702702702702703,0.15518606492478226,1.741588527302813,0.012755102040816327,0.0338,9999,24,19,15,4.0,INSUFFICIENT_FOR_GATE,CRASH500,CRT_MSS_DISPLACEMENT,wf3,2.0,10,0.15397461511049093,0.4297816832471427,0.13513513513513514,0.39473684210526316,0.1469385393957043,0.1632996632996633,0.8691795016893162,2.5351772077820103,-0.020267109173303256,0.23958656228992017,,
17,4,5052,784,0.23529411764705882,0.15518606492478226,1.5162064825930373,0.00510204081632653,0.08240824082408241,9998,24,19,8,5.5,INSUFFICIENT_FOR_GATE,CRASH500,CRT_MSS_DISPLACEMENT_FVG,wf3,2.0,10,0.09555044322080117,0.4726179811956498,0.08333333333333333,0.35,0.1469385393957043,0.1632996632996633,0.5231316477331472,2.2577024470237608,-0.07459104791213589,0.19359323759915226,,
416,58,5052,784,0.13942307692307693,0.15518606492478226,0.8984252354788069,0.07397959183673469,1.0,9999,24,19,19,4.0,INSUFFICIENT_FOR_GATE,CRASH500,ATR_COMPRESSION,wf3,2.0,10,0.10942490512444825,0.17601965091658822,0.10584677560814745,0.17176470588235293,0.1469385393957043,0.1632996632996633,0.6930613736601797,1.10969721600695,-0.047020775919761455,0.01686495990435663,,
372,64,5052,784,0.17204301075268819,0.15518606492478226,1.10862409479921,0.08163265306122448,0.1182,9999,24,19,19,5.0,INSUFFICIENT_FOR_GATE,CRASH500,BB_SQUEEZE,wf3,2.0,10,0.1370916231142025,0.21369846596852657,0.14361702127659576,0.2005992574122272,0.1469385393957043,0.1632996632996633,0.9280985958528388,1.2857867393227573,-0.011248358962093885,0.04442428878692361,,
0,0,5052,784,,0.15518606492478226,,0.0,1.0,0,24,19,0,,INSUFFICIENT_FOR_GATE,CRASH500,CANDLE_COMPRESSION,wf3,2.0,10,,,,,0.1469385393957043,0.1632996632996633,,,,,,
147,25,5052,784,0.17006802721088435,0.15518606492478226,1.0958975426905455,0.03188775510204082,0.3273,9999,24,19,19,5.0,INSUFFICIENT_FOR_GATE,CRASH500,CANDLE_STRUCTURE,wf3,2.0,10,0.11793015070055879,0.23901056865893572,0.10317460317460317,0.24161073825503357,0.1469385393957043,0.1632996632996633,0.6743578964358132,1.5330468540622038,-0.04954348756677672,0.0836735313633161,,
223,39,5052,784,0.17488789237668162,0.15518606492478226,1.1269561636313719,0.04974489795918367,0.2236,9999,24,19,19,5.0,INSUFFICIENT_FOR_GATE,CRASH500,SR_ALIGNMENT,wf3,2.0,10,0.13065416136626862,0.2301328801479784,0.12217194570135746,0.22767857142857142,0.1469385393957043,0.1632996632996633,0.7882322146640073,1.4575504469042215,-0.03282339782785921,0.07084049732791146,,
176,35,5052,784,0.19886363636363635,0.15518606492478226,1.281452922077922,0.044642857142857144,0.0493,9999,24,19,19,5.0,INSUFFICIENT_FOR_GATE,CRASH500,ATR_BB_COMPRESSION,wf3,2.0,10,0.14660676965579006,0.2639852000986128,0.1470428388746803,0.25,0.1469385393957043,0.1632996632996633,0.9483198794092124,1.6286794822569244,-0.008052756097688282,0.09594439866243236,,
20,3,5052,784,0.15,0.15518606492478226,0.9665816326530612,0.003826530612244898,1.0,9999,24,19,15,5.0,INSUFFICIENT_FOR_GATE,CRASH500,CRT_ATR,wf3,2.0,10,0.052368745896216595,0.36041886474075696,0.0,0.2857142857142857,0.1469385393957043,0.1632996632996633,0.0,1.8732019604901224,-0.15558194774346792,0.13445886203887783,,
43,7,5052,784,0.16279069767441862,0.15518606492478226,1.0490033222591364,0.008928571428571428,0.4285,9999,24,19,17,6.0,INSUFFICIENT_FOR_GATE,CRASH500,CRT_BB,wf3,2.0,10,0.08116627347062008,0.29972405893747167,0.05121794871794874,0.2857142857142857,0.1469385393957043,0.1632996632996633,0.32884755112381575,1.8467581475912687,-0.10483618764466311,0.1307677900633562,,
0,0,5052,784,,0.15518606492478226,,0.0,1.0,0,24,19,0,,INSUFFICIENT_FOR_GATE,CRASH500,CRT_CANDLE_COMPRESSION,wf3,2.0,10,,,,,0.1469385393957043,0.1632996632996633,,,,,,
5,0,5052,784,0.0,0.15518606492478226,0.0,0.0,1.0,9892,24,19,4,,INSUFFICIENT_FOR_GATE,CRASH500,CRT_CANDLE_STRUCTURE,wf3,2.0,10,0.0,0.43448246478317476,0.0,0.0,0.1469385393957043,0.1632996632996633,0.0,0.0,-0.16317257298815632,-0.1469334562504641,,
7,3,5052,784,0.42857142857142855,0.15518606492478226,2.761661807580175,0.003826530612244898,0.07251755265797392,9969,24,19,5,3.0,INSUFFICIENT_FOR_GATE,CRASH500,CRT_SR,wf3,2.0,10,0.15821985525146975,0.7495416354723428,0.0,0.8,0.1469385393957043,0.1632996632996633,0.0,5.187891467799934,-0.16063596491228072,0.6455044200943492,,
84,24,5052,1071,0.2857142857142857,0.21199524940617578,1.3477390956382551,0.022408963585434174,0.0753,9999,24,19,18,5.5,INSUFFICIENT_FOR_GATE,CRASH500,CRT,wf3,2.0,15,0.20015034121612774,0.39002039953301215,0.18287139689578716,0.38461538461538464,0.20031549082524205,0.22386718573494194,0.8601736892354793,1.8108184517190213,-0.029635457013421844,0.17167823913284028,,
39,12,5052,1071,0.3076923076923077,0.21199524940617578,1.451411333764275,0.011204481792717087,0.087,9999,24,19,15,4.0,INSUFFICIENT_FOR_GATE,CRASH500,CRT_MSS,wf3,2.0,15,0.18565932306911137,0.4642125437414931,0.15,0.4490306122448972,0.20031549082524205,0.22386718573494194,0.712174145600154,2.0989371950305613,-0.05987715287802541,0.23425087775194667,,
59,19,5052,1071,0.3220338983050847,0.21199524940617578,1.5190618620329486,0.017740429505135387,0.0438,9999,24,19,17,6.0,INSUFFICIENT_FOR_GATE,CRASH500,CRT_DISPLACEMENT,wf3,2.0,15,0.21687575241885632,0.44894995573474633,0.18181818181818182,0.4482758620689655,0.20031549082524205,0.22386718573494194,0.8707271994597162,2.101405988506906,-0.02720153358616436,0.23462882780469532,,
37,12,5052,1071,0.32432432432432434,0.21199524940617578,1.5298660004542357,0.011204481792717087,0.0521,9999,24,19,15,4.0,INSUFFICIENT_FOR_GATE,CRASH500,CRT_MSS_DISPLACEMENT,wf3,2.0,15,0.19633266528144183,0.48536332758027806,0.16,0.46153846153846156,0.20031549082524205,0.22386718573494194,0.7545643468726609,2.161051487132229,-0.05158626083148247,0.24811041781050414,,
17,5,5052,1071,0.29411764705882354,0.21199524940617578,1.3873784808040863,0.004668534080298786,0.0593059305930593,9998,24,19,8,6.0,INSUFFICIENT_FOR_GATE,CRASH500,CRT_MSS_DISPLACEMENT_FVG,wf3,2.0,15,0.1327998961029523,0.5313311006653985,0.15,0.4,0.20031549082524205,0.22386718573494194,0.7089583881743755,1.8597454965876374,-0.06209927433013557,0.18285251537759883,,
416,77,5052,1071,0.18509615384615385,0.21199524940617578,0.8731146304675717,0.0718954248366013,1.0,9999,24,19,19,6.0,INSUFFICIENT_FOR_GATE,CRASH500,ATR_COMPRESSION,wf3,2.0,15,0.15071601731017553,0.22523889496566296,0.14719305707693384,0.2243060572866897,0.20031549082524205,0.22386718573494194,0.7103429079324031,1.0367401397615192,-0.060464171026071135,0.00782744478070905,,
372,85,5052,1071,0.22849462365591397,0.21199524940617578,1.0778289810547874,0.07936507936507936,0.1631,9999,24,19,19,7.0,INSUFFICIENT_FOR_GATE,CRASH500,BB_SQUEEZE,wf3,2.0,15,0.18873144664449387,0.27380788939940476,0.1951219512195122,0.2632978723404255,0.20031549082524205,0.22386718573494194,0.9163055570484007,1.2400553708796391,-0.017976207833436515,0.050643345877699336,,
0,0,5052,1071,,0.21199524940617578,,0.0,1.0,0,24,19,0,,INSUFFICIENT_FOR_GATE,CRASH500,CANDLE_COMPRESSION,wf3,2.0,15,,,,,0.20031549082524205,0.22386718573494194,,,,,,
147,28,5052,1071,0.19047619047619047,0.21199524940617578,0.8984927304255035,0.026143790849673203,1.0,9999,24,19,19,5.5,INSUFFICIENT_FOR_GATE,CRASH500,CANDLE_STRUCTURE,wf3,2.0,15,0.1352002708222827,0.2615173112572431,0.12244897959183673,0.2624113475177305,0.20031549082524205,0.22386718573494194,0.5861588736791855,1.2109066931565695,-0.08684368332122441,0.04580863086621601,,
223,54,5052,1071,0.242152466367713,0.21199524940617578,1.1422542111014808,0.05042016806722689,0.0881,9999,24,19,19,6.0,INSUFFICIENT_FOR_GATE,CRASH500,SR_ALIGNMENT,wf3,2.0,15,0.19060115539937633,0.30243684304295754,0.19297800338409474,0.2857142857142857,0.20031549082524205,0.22386718573494194,0.9200789998454788,1.3474247726169772,-0.01703555279754135,0.07310829124138002,,
176,42,5052,1071,0.23863636363636365,0.21199524940617578,1.125668449197861,0.0392156862745098,0.1613,9999,24,19,19,6.0,INSUFFICIENT_FOR_GATE,CRASH500,ATR_BB_COMPRESSION,wf3,2.0,15,0.1816724429219173,0.3067658704498286,0.18681318681318682,0.28962524838549414,0.20031549082524205,0.22386718573494194,0.8839143447674302,1.3850639836034684,-0.024671157962979338,0.0796938383803703,,
20,5,5052,1071,0.25,0.21199524940617578,1.1792717086834734,0.004668534080298786,0.3014,9999,24,19,15,10.0,INSUFFICIENT_FOR_GATE,CRASH500,CRT_ATR,wf3,2.0,15,0.11186170140766566,0.46870087761874407,0.09523809523809523,0.4090909090909091,0.20031549082524205,0.22386718573494194,0.44960382095341295,1.9349838314847834,-0.11873226302419172,0.1971443251178542,,
43,11,5052,1071,0.2558139534883721,0.21199524940617578,1.2066966321412285,0.01027077497665733,0.2362,9999,24,19,17,10.0,INSUFFICIENT_FOR_GATE,CRASH500,CRT_BB,wf3,2.0,15,0.14929517123808245,0.40238403498846675,0.12,0.375,0.20031549082524205,0.22386718573494194,0.5669333026840261,1.7635077980534226,-0.09259713719594581,0.16216570817482415,,
0,0,5052,1071,,0.21199524940617578,,0.0,1.0,0,24,19,0,,INSUFFICIENT_FOR_GATE,CRASH500,CRT_CANDLE_COMPRESSION,wf3,2.0,15,,,,,0.20031549082524205,0.22386718573494194,,,,,,
5,1,5052,1071,0.2,0.21199524940617578,0.9434173669467787,0.0009337068160597573,1.0,9892,24,19,4,15.0,INSUFFICIENT_FOR_GATE,CRASH500,CRT_CANDLE_STRUCTURE,wf3,2.0,15,0.03622410863243014,0.6244653702374747,0.0,0.5,0.20031549082524205,0.22386718573494194,0.0,2.1847486988784137,-0.22091002174467467,0.27113951931904623,,
7,4,5052,1071,0.5714285714285714,0.21199524940617578,2.6954781912765102,0.003734827264239029,0.0366098294884654,9969,24,19,5,6.5,INSUFFICIENT_FOR_GATE,CRASH500,CRT_SR,wf3,2.0,15,0.2504583645276572,0.8417801447485302,0.0,1.0,0.20031549082524205,0.22386718573494194,0.0,4.604897673114659,-0.2112816836220458,0.782839882710748,,
84,34,5052,1664,0.40476190476190477,0.32937450514647665,1.2288804945054945,0.020432692307692308,0.0787,9999,24,19,18,10.0,INSUFFICIENT_FOR_GATE,CRASH500,CRT,wf3,2.0,30,0.3061960226154048,0.5116576399397685,0.3023255813953488,0.5057471264367817,0.31676816293708665,0.3423583009454015,0.9151030097958165,1.5479948676560806,-0.028301874120732685,0.177685739572234,,
39,18,5052,1664,0.46153846153846156,0.32937450514647665,1.4012573964497042,0.010817307692307692,0.0252,9999,24,19,15,6.0,INSUFFICIENT_FOR_GATE,CRASH500,CRT_MSS,wf3,2.0,30,0.3156688560672785,0.6143055172948424,0.27570532915360507,0.5925925925925926,0.31676816293708665,0.3423583009454015,0.8297237187329138,1.8106951365552855,-0.05571963471186269,0.2643852106950114,,
59,29,5052,1664,0.4915254237288136,0.32937450514647665,1.4922995436766624,0.017427884615384616,0.0092,9999,24,19,17,10.0,INSUFFICIENT_FOR_GATE,CRASH500,CRT_DISPLACEMENT,wf3,2.0,30,0.3684383690774015,0.6156485694061034,0.34545454545454546,0.625,0.31676816293708665,0.3423583009454015,1.0478249035217768,1.9149384598024732,0.01587734825470371,0.29722368641231595,,
37,16,5052,1664,0.43243243243243246,0.32937450514647665,1.312889812889813,0.009615384615384616,0.09,9999,24,19,15,5.5,INSUFFICIENT_FOR_GATE,CRASH500,CRT_MSS_DISPLACEMENT,wf3,2.0,30,0.28671719277157315,0.5908581890983192,0.2413793103448276,0.57581585081585,0.31676816293708665,0.3423583009454015,0.7354176127758457,1.7558417908299144,-0.0883035639686709,0.2478955749773138,,
17,8,5052,1664,0.47058823529411764,0.32937450514647665,1.4287330316742082,0.004807692307692308,0.05850585058505851,9998,24,19,8,12.0,INSUFFICIENT_FOR_GATE,CRASH500,CRT_MSS_DISPLACEMENT_FVG,wf3,2.0,30,0.26165106442409436,0.6903676493999558,0.2727272727272727,0.6428571428571429,0.31676816293708665,0.3423583009454015,0.8212186668222222,1.973567181174089,-0.06011386979858898,0.3154721630321695,,
416,130,5052,1664,0.3125,0.32937450514647665,0.9487680288461539,0.078125,1.0,9999,24,19,19,12.0,INSUFFICIENT_FOR_GATE,CRASH500,ATR_COMPRESSION,wf3,2.0,30,0.2698453556142558,0.3585858135270831,0.28365384615384615,0.3432098765432099,0.31676816293708665,0.3423583009454015,0.868829261136221,1.0288832488951503,-0.042869342726152074,0.00956322779406604,,
372,127,5052,1664,0.34139784946236557,0.32937450514647665,1.0365035669975184,0.07632211538461539,0.237,9999,24,19,19,10.0,INSUFFICIENT_FOR_GATE,CRASH500,BB_SQUEEZE,wf3,2.0,30,0.2950526534301837,0.39098517653605414,0.30525885558583105,0.3762401755639481,0.31676816293708665,0.3423583009454015,0.9365634617745081,1.1296019104437263,-0.020771243411291346,0.042810524500400404,,
0,0,5052,1664,,0.32937450514647665,,0.0,1.0,0,24,19,0,,INSUFFICIENT_FOR_GATE,CRASH500,CANDLE_COMPRESSION,wf3,2.0,30,,,,,0.31676816293708665,0.3423583009454015,,,,,,
147,44,5052,1664,0.29931972789115646,0.32937450514647665,0.9087519623233908,0.026442307692307692,1.0,9999,24,19,19,9.0,INSUFFICIENT_FOR_GATE,CRASH500,CANDLE_STRUCTURE,wf3,2.0,30,0.23116911876124063,0.37769173115845195,0.23663348462966785,0.3609022556390977,0.31676816293708665,0.3423583009454015,0.7117981322537742,1.1018264298373872,-0.0960655489147744,0.033322086012131776,,
223,81,5052,1664,0.3632286995515695,0.32937450514647665,1.1027832873404622,0.048677884615384616,0.0969,9999,24,19,19,11.0,INSUFFICIENT_FOR_GATE,CRASH500,SR_ALIGNMENT,wf3,2.0,30,0.30291724164784795,0.4281724792650422,0.3125,0.41452991452991456,0.31676816293708665,0.3423583009454015,0.9498414009986349,1.2629642524806357,-0.016712318741461694,0.08570397031461295,,
176,67,5052,1664,0.3806818181818182,0.32937450514647665,1.1557719624125873,0.04026442307692308,0.043,9999,24,19,19,10.0,INSUFFICIENT_FOR_GATE,CRASH500,ATR_BB_COMPRESSION,wf3,2.0,30,0.31222022913629544,0.4542407400116756,0.3179190751445087,0.4409937888198758,0.31676816293708665,0.3423583009454015,0.9730870091798985,1.3321592156353672,-0.008780544555527589,0.10963675777444347,,
20,5,5052,1664,0.25,0.32937450514647665,0.759014423076923,0.0030048076923076925,1.0,9999,24,19,15,10.0,INSUFFICIENT_FOR_GATE,CRASH500,CRT_ATR,wf3,2.0,30,0.11186170140766566,0.46870087761874407,0.09523809523809523,0.4090909090909091,0.31676816293708665,0.3423583009454015,0.2876257369614513,1.2602673147023087,-0.23982455174902312,0.08361514440001618,,
43,18,5052,1664,0.4186046511627907,0.32937450514647665,1.2709078711985689,0.010817307692307692,0.174,9999,24,19,17,13.0,INSUFFICIENT_FOR_GATE,CRASH500,CRT_BB,wf3,2.0,30,0.28384550927849195,0.5667142261303578,0.2222222222222222,0.6037735849056604,0.31676816293708665,0.3423583009454015,0.6730207942709228,1.8357736862589185,-0.10788813045323287,0.27306780181952284,,
0,0,5052,1664,,0.32937450514647665,,0.0,1.0,0,24,19,0,,INSUFFICIENT_FOR_GATE,CRASH500,CRT_CANDLE_COMPRESSION,wf3,2.0,30,,,,,0.31676816293708665,0.3423583009454015,,,,,,
5,1,5052,1664,0.2,0.32937450514647665,0.6072115384615385,0.0006009615384615385,1.0,9892,24,19,4,15.0,INSUFFICIENT_FOR_GATE,CRASH500,CRT_CANDLE_STRUCTURE,wf3,2.0,30,0.03622410863243014,0.6244653702374747,0.0,0.5,0.31676816293708665,0.3423583009454015,0.0,1.439805851755698,-0.33814538488674806,0.15273095641393875,,
7,4,5052,1664,0.5714285714285714,0.32937450514647665,1.7348901098901097,0.002403846153846154,0.08635907723169509,9969,24,19,5,6.5,INSUFFICIENT_FOR_GATE,CRASH500,CRT_SR,wf3,2.0,30,0.2504583645276572,0.8417801447485302,0.0,1.0,0.31676816293708665,0.3423583009454015,0.0,2.9886256727704295,-0.3306089265478364,0.6653980421097295,,
84,3,5052,167,0.03571428571428571,0.03305621536025336,1.0804106073567152,0.017964071856287425,0.4077,9999,24,19,18,3.0,INSUFFICIENT_FOR_GATE,CRASH500,CRT,wf3,3.0,5,0.012219669231335377,0.0998169357251345,0.0,0.07407407407407407,0.029686864579097194,0.036288814066591846,0.0,2.189794449405067,-0.031262873359490746,0.04017029988434385,,
39,2,5052,167,0.05128205128205128,0.03305621536025336,1.5513588208198987,0.011976047904191617,0.2679,9999,24,19,15,4.0,INSUFFICIENT_FOR_GATE,CRASH500,CRT_MSS,wf3,3.0,5,0.014177955415274113,0.16885640047613612,0.0,0.11904761904761904,0.029686864579097194,0.036288814066591846,0.0,3.5048568890822396,-0.03386970208023254,0.08493895330994365,,
59,1,5052,167,0.01694915254237288,0.03305621536025336,0.5127372373896276,0.005988023952095809,1.0,9999,24,19,17,3.0,INSUFFICIENT_FOR_GATE,CRASH500,CRT_DISPLACEMENT,wf3,3.0,5,0.0029982339183556445,0.08995725964142297,0.0,0.05555555555555555,0.029686864579097194,0.036288814066591846,0.0,1.6635659591220755,-0.0353393855637527,0.02200549422627478,,
37,2,5052,167,0.05405405405405406,0.03305621536025336,1.6352160543777312,0.011976047904191617,0.2478,9999,24,19,15,4.0,INSUFFICIENT_FOR_GATE,CRASH500,CRT_MSS_DISPLACEMENT,wf3,3.0,5,0.014950976833157673,0.17704654350813104,0.0,0.12195121951219512,0.029686864579097194,0.036288814066591846,0.0,3.6244132863788483,-0.03386970208023254,0.08853282314260286,,
17,1,5052,167,0.058823529411764705,0.03305621536025336,1.7794998238816486,0.005988023952095809,0.2832283228322832,9998,24,19,8,5.0,INSUFFICIENT_FOR_GATE,CRASH500,CRT_MSS_DISPLACEMENT_FVG,wf3,3.0,5,0.010460400984997564,0.26982030637575405,0.0,0.18181818181818182,0.029686864579097194,0.036288814066591846,0.0,5.303810507773091,-0.03536231945645313,0.14576667161072288,,
416,22,5052,167,0.052884615384615384,0.03305621536025336,1.5998387839705206,0.1317365269461078,0.043,9999,24,19,19,3.0,INSUFFICIENT_FOR_GATE,CRASH500,ATR_COMPRESSION,wf3,3.0,5,0.035180459502092254,0.07877078998879296,0.030972397808680996,0.07656664785435086,0.029686864579097194,0.036288814066591846,0.9645463830230206,2.2607031962463244,-0.0011357774836544365,0.04224711626482462,,
372,11,5052,167,0.02956989247311828,0.03305621536025336,0.8945335136179255,0.0658682634730539,1.0,9999,24,19,19,4.0,INSUFFICIENT_FOR_GATE,CRASH500,BB_SQUEEZE,wf3,3.0,5,0.016590085706441778,0.05216618961714494,0.014634146341463415,0.0467301857021483,0.029686864579097194,0.036288814066591846,0.4581096511159305,1.371239703361917,-0.017424504416001445,0.012510317992003835,,
0,0,5052,167,,0.03305621536025336,,0.0,1.0,0,24,19,0,,INSUFFICIENT_FOR_GATE,CRASH500,CANDLE_COMPRESSION,wf3,3.0,5,,,,,0.029686864579097194,0.036288814066591846,,,,,,
147,7,5052,167,0.047619047619047616,0.03305621536025336,1.4405474764756203,0.041916167664670656,0.1239,9999,24,19,19,5.0,INSUFFICIENT_FOR_GATE,CRASH500,CANDLE_STRUCTURE,wf3,3.0,5,0.023255417425864768,0.09502412561344212,0.022058823529411766,0.07258797653958934,0.029686864579097194,0.036288814066591846,0.671356028699105,2.175350868585226,-0.010790033800558254,0.03902921336076085,,
223,13,5052,167,0.05829596412556054,0.03305621536025336,1.76354018420558,0.07784431137724551,0.064,9999,24,19,19,3.0,INSUFFICIENT_FOR_GATE,CRASH500,SR_ALIGNMENT,wf3,3.0,5,0.034381491555691555,0.09717055794987164,0.027149321266968326,0.09126984126984126,0.029686864579097194,0.036288814066591846,0.8230343300110741,2.7197815140756583,-0.005840499456918986,0.05719735936822723,,
176,11,5052,167,0.0625,0.03305621536025336,1.8907185628742518,0.0658682634730539,0.0239,9999,24,19,19,3.0,INSUFFICIENT_FOR_GATE,CRASH500,ATR_BB_COMPRESSION,wf3,3.0,5,0.03525401379661894,0.10843620641260784,0.03314917127071823,0.0935672514619883,0.029686864579097194,0.036288814066591846,1.0677885928898807,2.683982708915036,0.0021006416205352316,0.05853334690179772,,
20,0,5052,167,0.0,0.03305621536025336,0.0,0.0,1.0,9999,24,19,15,,INSUFFICIENT_FOR_GATE,CRASH500,CRT_ATR,wf3,3.0,5,0.0,0.16112515805281938,0.0,0.0,0.029686864579097194,0.036288814066591846,0.0,0.0,-0.036288814066591846,-0.029686864579097194,,
43,0,5052,167,0.0,0.03305621536025336,0.0,0.0,1.0,9999,24,19,17,,INSUFFICIENT_FOR_GATE,CRASH500,CRT_BB,wf3,3.0,5,0.0,0.08200980322579117,0.0,0.0,0.029686864579097194,0.036288814066591846,0.0,0.0,-0.036288814066591846,-0.029686864579097194,,
0,0,5052,167,,0.03305621536025336,,0.0,1.0,0,24,19,0,,INSUFFICIENT_FOR_GATE,CRASH500,CRT_CANDLE_COMPRESSION,wf3,3.0,5,,,,,0.029686864579097194,0.036288814066591846,,,,,,
5,0,5052,167,0.0,0.03305621536025336,0.0,0.0,1.0,9892,24,19,4,,INSUFFICIENT_FOR_GATE,CRASH500,CRT_CANDLE_STRUCTURE,wf3,3.0,5,0.0,0.43448246478317476,0.0,0.0,0.029686864579097194,0.036288814066591846,0.0,0.0,-0.03622327790973872,-0.029684940390830673,,
7,1,5052,167,0.14285714285714285,0.03305621536025336,4.321642429426861,0.005988023952095809,0.14754262788365094,9969,24,19,5,3.0,INSUFFICIENT_FOR_GATE,CRASH500,CRT_SR,wf3,3.0,5,0.02567962434474355,0.5131278292743189,0.0,0.4,0.029686864579097194,0.036288814066591846,0.0,11.695905901349969,-0.03534183082271147,0.36534544995144286,,
84,8,5052,368,0.09523809523809523,0.0728424386381631,1.3074534161490683,0.021739130434782608,0.2117,9999,24,19,18,6.5,INSUFFICIENT_FOR_GATE,CRASH500,CRT,wf3,3.0,10,0.049051709909559385,0.17682635594992718,0.0410958904109589,0.15384615384615385,0.06847914963205233,0.07758977371843268,0.583093632193719,2.057649062179652,-0.02958479984996078,0.0785854789327898,,
39,4,5052,368,0.10256410256410256,0.0728424386381631,1.4080267558528428,0.010869565217391304,0.2439,9999,24,19,15,5.5,INSUFFICIENT_FOR_GATE,CRASH500,CRT_MSS,wf3,3.0,10,0.04061331344668381,0.23578854462856527,0.02564102564102564,0.1951219512195122,0.06847914963205233,0.07758977371843268,0.35654963314935495,2.6565031598284046,-0.046136775227155216,0.12179732218119436,,
59,7,5052,368,0.11864406779661017,0.0728424386381631,1.6287767133382463,0.019021739130434784,0.1277,9999,24,19,17,7.0,INSUFFICIENT_FOR_GATE,CRASH500,CRT_DISPLACEMENT,wf3,3.0,10,0.05867582775790306,0.22523640399981695,0.043478260869565216,0.2037037037037037,0.06847914963205233,0.07758977371843268,0.6084654848798531,2.717821932485249,-0.02773823532064295,0.1283667716889752,,
37,4,5052,368,0.10810810810810811,0.0728424386381631,1.484136310223267,0.010869565217391304,0.2225,9999,24,19,15,5.5,INSUFFICIENT_FOR_GATE,CRASH500,CRT_MSS_DISPLACEMENT,wf3,3.0,10,0.04285189940411474,0.24708531544126025,0.02702702702702703,0.20588235294117646,0.06847914963205233,0.07758977371843268,0.3743065796469176,2.826885116745451,-0.04477577556586763,0.13389910246269573,,
17,1,5052,368,0.058823529411764705,0.0728424386381631,0.8075447570332481,0.002717391304347826,1.0,9998,24,19,8,5.0,INSUFFICIENT_FOR_GATE,CRASH500,CRT_MSS_DISPLACEMENT_FVG,wf3,3.0,10,0.010460400984997564,0.26982030637575405,0.0,0.18181818181818182,0.06847914963205233,0.07758977371843268,0.0,2.36339913513978,-0.07458640810709943,0.1039237742708631,,
416,33,5052,368,0.07932692307692307,0.0728424386381631,1.0890206939799332,0.08967391304347826,0.3053,9999,24,19,19,5.0,INSUFFICIENT_FOR_GATE,CRASH500,ATR_COMPRESSION,wf3,3.0,10,0.057040533084005474,0.10931144896387038,0.05405405405405406,0.10416897634885437,0.06847914963205233,0.07758977371843268,0.7545321268668619,1.4147227714479171,-0.017845089821123417,0.030502212846596516,,
372,28,5052,368,0.07526881720430108,0.0728424386381631,1.0333099579242637,0.07608695652173914,0.3985,9999,24,19,19,6.5,INSUFFICIENT_FOR_GATE,CRASH500,BB_SQUEEZE,wf3,3.0,10,0.05258666839001442,0.10663328304499534,0.056790123456790124,0.09560723514211886,0.06847914963205233,0.07758977371843268,0.782343857039004,1.2981276224482277,-0.01584299671218357,0.021707023501238137,,
0,0,5052,368,,0.0728424386381631,,0.0,1.0,0,24,19,0,,INSUFFICIENT_FOR_GATE,CRASH500,CANDLE_COMPRESSION,wf3,3.0,10,,,,,0.06847914963205233,0.07758977371843268,,,,,,
147,13,5052,368,0.08843537414965986,0.0728424386381631,1.2140638864241349,0.035326086956521736,0.2473,9999,24,19,19,5.0,INSUFFICIENT_FOR_GATE,CRASH500,CANDLE_STRUCTURE,wf3,3.0,10,0.05241011033720358,0.14542315814216586,0.04580152671755725,0.13636363636363635,0.06847914963205233,0.07758977371843268,0.6253658356224029,1.8799586771235435,-0.027708041131156786,0.06405584104505921,,
223,20,5052,368,0.08968609865470852,0.0728424386381631,1.2312341587054005,0.05434782608695652,0.1691,9999,24,19,19,5.0,INSUFFICIENT_FOR_GATE,CRASH500,SR_ALIGNMENT,wf3,3.0,10,0.05880786149737174,0.13446130124129863,0.05454545454545454,0.1262135922330097,0.06847914963205233,0.07758977371843268,0.7595107378403533,1.7188751865378222,-0.01729280582792937,0.052661549588604244,,
176,17,5052,368,0.09659090909090909,0.0728424386381631,1.3260251976284585,0.04619565217391304,0.096,9999,24,19,19,5.0,INSUFFICIENT_FOR_GATE,CRASH500,ATR_BB_COMPRESSION,wf3,3.0,10,0.06118317119797047,0.14923248639755032,0.062146892655367235,0.13333333333333333,0.06847914963205233,0.07758977371843268,0.8638815198562182,1.8243306234994892,-0.009871559899418687,0.06018230953757058,,
20,0,5052,368,0.0,0.0728424386381631,0.0,0.0,1.0,9999,24,19,15,,INSUFFICIENT_FOR_GATE,CRASH500,CRT_ATR,wf3,3.0,10,0.0,0.16112515805281938,0.0,0.0,0.06847914963205233,0.07758977371843268,0.0,0.0,-0.07758977371843268,-0.06847914963205233,,
43,1,5052,368,0.023255813953488372,0.0728424386381631,0.3192618806875632,0.002717391304347826,1.0,9999,24,19,17,7.0,INSUFFICIENT_FOR_GATE,CRASH500,CRT_BB,wf3,3.0,10,0.004117087274333769,0.12058993440607177,0.0,0.07896825396825366,0.06847914963205233,0.07758977371843268,0.0,1.050869022869022,-0.0745861505244383,0.0039050327237017705,,
0,0,5052,368,,0.0728424386381631,,0.0,1.0,0,24,19,0,,INSUFFICIENT_FOR_GATE,CRASH500,CRT_CANDLE_COMPRESSION,wf3,3.0,10,,,,,0.06847914963205233,0.07758977371843268,,,,,,
5,0,5052,368,0.0,0.0728424386381631,0.0,0.0,1.0,9892,24,19,4,,INSUFFICIENT_FOR_GATE,CRASH500,CRT_CANDLE_STRUCTURE,wf3,3.0,10,0.0,0.43448246478317476,0.0,0.0,0.06847914963205233,0.07758977371843268,0.0,0.0,-0.0774703557312253,-0.06847914963205233,,
7,1,5052,368,0.14285714285714285,0.0728424386381631,1.9611801242236024,0.002717391304347826,0.2522567703109328,9969,24,19,5,3.0,INSUFFICIENT_FOR_GATE,CRASH500,CRT_SR,wf3,3.0,10,0.02567962434474355,0.5131278292743189,0.0,0.4,0.06847914963205233,0.07758977371843268,0.0,5.18430851706755,-0.07457945962723739,0.3228674153979153,,
84,12,5052,560,0.14285714285714285,0.11084718923198733,1.2887755102040817,0.02142857142857143,0.2081,9999,24,19,18,7.5,INSUFFICIENT_FOR_GATE,CRASH500,CRT,wf3,3.0,15,0.08365020540566916,0.23330102917623075,0.0625,0.22582565284178158,0.1041264944080216,0.11747100635989526,0.5812363523272382,1.991993487146579,-0.04522392423645587,0.11227245638366008,,
39,7,5052,560,0.1794871794871795,0.11084718923198733,1.6192307692307693,0.0125,0.0733,9999,24,19,15,7.0,INSUFFICIENT_FOR_GATE,CRASH500,CRT_MSS,wf3,3.0,15,0.08977265473219115,0.32668045661881623,0.08,0.2777777777777778,0.1041264944080216,0.11747100635989526,0.7414003144849919,2.463091433991454,-0.027571446456586268,0.16403909527234511,,
59,9,5052,560,0.15254237288135594,0.11084718923198733,1.3761501210653755,0.01607142857142857,0.1695,9999,24,19,17,8.0,INSUFFICIENT_FOR_GATE,CRASH500,CRT_DISPLACEMENT,wf3,3.0,15,0.0823846399859648,0.26517983783773563,0.06779661016949153,0.2413793103448276,0.1041264944080216,0.11747100635989526,0.6293992492663987,2.1276058768086847,-0.03965939074073506,0.12775279639221704,,
37,7,5052,560,0.1891891891891892,0.11084718923198733,1.7067567567567568,0.0125,0.0519,9999,24,19,15,7.0,INSUFFICIENT_FOR_GATE,CRASH500,CRT_MSS_DISPLACEMENT,wf3,3.0,15,0.09479978730312018,0.3420469692983842,0.08571428571428572,0.2857142857142857,0.1041264944080216,0.11747100635989526,0.7987399516295901,2.5540919323409286,-0.02185307905479483,0.17447353400932733,,
17,4,5052,560,0.23529411764705882,0.11084718923198733,2.122689075630252,0.007142857142857143,0.0428042804280428,9998,24,19,8,13.5,INSUFFICIENT_FOR_GATE,CRASH500,CRT_MSS_DISPLACEMENT_FVG,wf3,3.0,15,0.09555044322080117,0.4726179811956498,0.07142857142857142,0.375,0.1041264944080216,0.11747100635989526,0.687740972183819,3.323521225491207,-0.032895195571839494,0.263713584521777,,
416,41,5052,560,0.0985576923076923,0.11084718923198733,0.8891311813186813,0.07321428571428572,1.0,9999,24,19,19,5.0,INSUFFICIENT_FOR_GATE,CRASH500,ATR_COMPRESSION,wf3,3.0,15,0.07348370113575788,0.13097790458992936,0.07272499430394166,0.12471131639722864,0.1041264944080216,0.11747100635989526,0.6525512276388111,1.1241944623383768,-0.03876793752781731,0.013767465155158493,,
372,41,5052,560,0.11021505376344086,0.11084718923198733,0.9942972350230415,0.07321428571428572,1.0,9999,24,19,19,8.0,INSUFFICIENT_FOR_GATE,CRASH500,BB_SQUEEZE,wf3,3.0,15,0.08228950616757202,0.14610855052911415,0.08977556109725686,0.13131583935873478,0.1041264944080216,0.11747100635989526,0.8037397443440889,1.1798517554884653,-0.02208050535429483,0.01991100235337278,,
0,0,5052,560,,0.11084718923198733,,0.0,1.0,0,24,19,0,,INSUFFICIENT_FOR_GATE,CRASH500,CANDLE_COMPRESSION,wf3,3.0,15,,,,,0.1041264944080216,0.11747100635989526,,,,,,
147,18,5052,560,0.12244897959183673,0.11084718923198733,1.1046647230320699,0.03214285714285714,0.3321,9999,24,19,19,7.5,INSUFFICIENT_FOR_GATE,CRASH500,CANDLE_STRUCTURE,wf3,3.0,15,0.078875707383624,0.18525233229579757,0.06917154630232054,0.18421052631578946,0.1041264944080216,0.11747100635989526,0.6079183757178014,1.7088611037992443,-0.04402080987923717,0.07557747326186846,,
223,28,5052,560,0.12556053811659193,0.11084718923198733,1.1327354260089686,0.05,0.1785,9999,24,19,19,6.0,INSUFFICIENT_FOR_GATE,CRASH500,SR_ALIGNMENT,wf3,3.0,15,0.08831780610706907,0.17548520032658094,0.09134505619950825,0.16,0.1041264944080216,0.11747100635989526,0.8392272316374905,1.4095613246467682,-0.017492454720207454,0.04625884981007973,,
176,22,5052,560,0.125,0.11084718923198733,1.1276785714285715,0.039285714285714285,0.2513,9999,24,19,19,5.5,INSUFFICIENT_FOR_GATE,CRASH500,ATR_BB_COMPRESSION,wf3,3.0,15,0.08401581779070533,0.1820043709600605,0.08522727272727272,0.16759776536312848,0.1041264944080216,0.11747100635989526,0.7678911799916681,1.5142521800355906,-0.025775610351791454,0.05604023935002187,,
20,2,5052,560,0.1,0.11084718923198733,0.9021428571428572,0.0035714285714285713,1.0,9999,24,19,15,13.0,INSUFFICIENT_FOR_GATE,CRASH500,CRT_ATR,wf3,3.0,15,0.027866481213768224,0.3010336452284873,0.0,0.25,0.1041264944080216,0.11747100635989526,0.0,2.193327595081497,-0.1118368962787015,0.13552541653072925,,
43,5,5052,560,0.11627906976744186,0.11084718923198733,1.0490033222591362,0.008928571428571428,0.4267,9999,24,19,17,13.0,INSUFFICIENT_FOR_GATE,CRASH500,CRT_BB,wf3,3.0,15,0.05070427739804166,0.24479161810082128,0.0,0.25,0.1041264944080216,0.11747100635989526,0.0,2.1942323158895993,-0.1118368962787015,0.13506911218770365,,
0,0,5052,560,,0.11084718923198733,,0.0,1.0,0,24,19,0,,INSUFFICIENT_FOR_GATE,CRASH500,CRT_CANDLE_COMPRESSION,wf3,3.0,15,,,,,0.1041264944080216,0.11747100635989526,,,,,,
5,1,5052,560,0.2,0.11084718923198733,1.8042857142857145,0.0017857142857142857,0.22430001010815728,9892,24,19,4,15.0,INSUFFICIENT_FOR_GATE,CRASH500,CRT_CANDLE_STRUCTURE,wf3,3.0,15,0.03622410863243014,0.6244653702374747,0.0,0.5,0.1041264944080216,0.11747100635989526,0.0,4.177201827425744,-0.11570078092889437,0.3803021795847169,,
7,3,5052,560,0.42857142857142855,0.11084718923198733,3.8663265306122447,0.005357142857142857,0.11203610832497493,9969,24,19,5,11.0,INSUFFICIENT_FOR_GATE,CRASH500,CRT_SR,wf3,3.0,15,0.15821985525146975,0.7495416354723428,0.0,1.0,0.1041264944080216,0.11747100635989526,0.0,8.83351137571164,-0.1118216783704924,0.886794730882562,,
84,23,5052,1057,0.27380952380952384,0.2092240696753761,1.3086903635626437,0.021759697256385997,0.1237,9999,24,19,18,15.0,INSUFFICIENT_FOR_GATE,CRASH500,CRT,wf3,3.0,30,0.18992825695769278,0.37747419161084395,0.16,0.38636363636363635,0.1970201043932733,0.2218847047543505,0.7770314627658886,1.8136430538503416,-0.04600663846823445,0.17241192654458465,,
39,15,5052,1057,0.38461538461538464,0.2092240696753761,1.8382941561749508,0.014191106906338695,0.0002,9999,24,19,15,19.0,INSUFFICIENT_FOR_GATE,CRASH500,CRT_MSS,wf3,3.0,30,0.24891373465561348,0.5410093854307493,0.22580645161290322,0.5,0.1970201043932733,0.2218847047543505,1.0990682716108149,2.366864874045974,0.020101832819812863,0.28577659948360873,,
59,20,5052,1057,0.3389830508474576,0.2092240696753761,1.6201914596796176,0.01892147587511826,0.0411,9999,24,19,17,19.0,INSUFFICIENT_FOR_GATE,CRASH500,CRT_DISPLACEMENT,wf3,3.0,30,0.23137653685587656,0.46627529433071635,0.19047619047619047,0.4883720930232558,0.1970201043932733,0.2218847047543505,0.9243031365804745,2.293462026115087,-0.015704171678881468,0.2730633422305538,,
37,14,5052,1057,0.3783783783783784,0.2092240696753761,1.808483980669411,0.013245033112582781,0.0001,9999,24,19,15,16.5,INSUFFICIENT_FOR_GATE,CRASH500,CRT_MSS_DISPLACEMENT,wf3,3.0,30,0.24063999175798265,0.5389956956078235,0.22580645161290322,0.48717948717948717,0.1970201043932733,0.2218847047543505,1.0985502692975906,2.293880927866057,0.020350593175821156,0.2729451389342358,,
17,7,5052,1057,0.4117647058823529,0.2092240696753761,1.9680560966108296,0.006622516556291391,0.010501050105010502,9998,24,19,8,14.0,INSUFFICIENT_FOR_GATE,CRASH500,CRT_MSS_DISPLACEMENT_FVG,wf3,3.0,30,0.2161105679021481,0.6399455735700021,0.23529411764705882,0.5833333333333334,0.1970201043932733,0.2218847047543505,1.1436062301543126,2.7997324980404605,0.02955527138391588,0.3740310629670826,,
416,76,5052,1057,0.18269230769230768,0.2092240696753761,0.8731897241831016,0.07190160832544938,1.0,9999,24,19,19,15.0,INSUFFICIENT_FOR_GATE,CRASH500,ATR_COMPRESSION,wf3,3.0,30,0.14851951037600197,0.22267169894011007,0.16129032258064516,0.20481927710843373,0.1970201043932733,0.2218847047543505,0.7846347936098872,0.9572331957441309,-0.04514543398841728,-0.008929873289901814,,
372,79,5052,1057,0.21236559139784947,0.2092240696753761,1.0150151066621906,0.07473982970671712,0.4183,9999,24,19,19,14.0,INSUFFICIENT_FOR_GATE,CRASH500,BB_SQUEEZE,wf3,3.0,30,0.1738535187347609,0.25675746103451785,0.17391304347826086,0.2544386226417935,0.1970201043932733,0.2218847047543505,0.8600319707905808,1.1820895740398294,-0.028443193596446748,0.03870795297320535,,
0,0,5052,1057,,0.2092240696753761,,0.0,1.0,0,24,19,0,,INSUFFICIENT_FOR_GATE,CRASH500,CANDLE_COMPRESSION,wf3,3.0,30,,,,,0.1970201043932733,0.2218847047543505,,,,,,
147,32,5052,1057,0.21768707482993196,0.2092240696753761,1.0404494815901761,0.030274361400189215,0.407,9999,24,19,19,13.0,INSUFFICIENT_FOR_GATE,CRASH500,CANDLE_STRUCTURE,wf3,3.0,30,0.15862956700884095,0.2911238320307265,0.14935064935064934,0.2847682119205298,0.1970201043932733,0.2218847047543505,0.7080518838500138,1.383251222537391,-0.06177920458393104,0.07853265628699416,,
223,59,5052,1057,0.2645739910313901,0.2092240696753761,1.2645485361311095,0.05581835383159887,0.0056,9999,24,19,19,17.0,INSUFFICIENT_FOR_GATE,CRASH500,SR_ALIGNMENT,wf3,3.0,30,0.21102015519152756,0.3261014955601686,0.21818181818181817,0.3076923076923077,0.1970201043932733,0.2218847047543505,1.0365398698820556,1.4857189120063663,0.007674894648351645,0.09934601730156417,,
176,39,5052,1057,0.2215909090909091,0.2092240696753761,1.0591081104326137,0.036896877956480605,0.3098,9999,24,19,19,12.0,INSUFFICIENT_FOR_GATE,CRASH500,ATR_BB_COMPRESSION,wf3,3.0,30,0.16654795682640364,0.28852763785219526,0.16847826086956522,0.27895348837209294,0.1970201043932733,0.2218847047543505,0.8335363067166877,1.2833514053069761,-0.03353963378678115,0.06152347629275502,,
20,3,5052,1057,0.15,0.2092240696753761,0.7169347209082307,0.002838221381267739,1.0,9999,24,19,15,15.0,INSUFFICIENT_FOR_GATE,CRASH500,CRT_ATR,wf3,3.0,30,0.052368745896216595,0.36041886474075696,0.0,0.30434782608695654,0.1970201043932733,0.2218847047543505,0.0,1.4752311249623,-0.20931632636372033,0.09802364272938624,,
43,12,5052,1057,0.27906976744186046,0.2092240696753761,1.3338320388990341,0.011352885525070956,0.232,9999,24,19,17,20.0,INSUFFICIENT_FOR_GATE,CRASH500,CRT_BB,wf3,3.0,30,0.16746613786237488,0.42691028681878873,0.07894736842105263,0.47058823529411764,0.1970201043932733,0.2218847047543505,0.38228954076861127,2.219792763547275,-0.1265515748244591,0.25819769277430443,,
0,0,5052,1057,,0.2092240696753761,,0.0,1.0,0,24,19,0,,INSUFFICIENT_FOR_GATE,CRASH500,CRT_CANDLE_COMPRESSION,wf3,3.0,30,,,,,0.1970201043932733,0.2218847047543505,,,,,,
5,1,5052,1057,0.2,0.2092240696753761,0.9559129612109745,0.000946073793755913,1.0,9892,24,19,4,15.0,INSUFFICIENT_FOR_GATE,CRASH500,CRT_CANDLE_STRUCTURE,wf3,3.0,30,0.03622410863243014,0.6244653702374747,0.0,0.5,0.1970201043932733,0.2218847047543505,0.0,2.208820568263117,-0.2176165440724375,0.27363484480088196,,
7,4,5052,1057,0.5714285714285714,0.2092240696753761,2.7311798891742125,0.003784295175023652,0.0366098294884654,9969,24,19,5,13.0,INSUFFICIENT_FOR_GATE,CRASH500,CRT_SR,wf3,3.0,30,0.2504583645276572,0.8417801447485302,0.0,1.0,0.1970201043932733,0.2218847047543505,0.0,4.662034421072111,-0.2081963820193053,0.7855013691662844,,
